ZINC01572843
-OEChem-07121214023D

 31 32  0     1  0  0  0  0  0999 V2000
    5.9742    2.2140   -2.5007 C   0  0  0  0  0  0  0  0  0  0  0  0
    4.7614    2.2610   -1.9092 C   0  0  0  0  0  0  0  0  0  0  0  0
    3.6432    2.4644   -2.6712 N   0  0  0  0  0  0  0  0  0  0  0  0
    3.7406    2.6129   -4.0049 C   0  0  0  0  0  0  0  0  0  0  0  0
    2.7337    2.7881   -4.6635 O   0  0  0  0  0  0  0  0  0  0  0  0
    4.9374    2.5756   -4.6196 N   0  0  0  0  0  0  0  0  0  0  0  0
    4.9921    2.6956   -5.6109 H   0  0  0  0  0  0  0  0  0  0  0  0
    6.0629    2.3771   -3.9042 C   0  0  0  0  0  0  0  0  0  0  0  0
    7.1458    2.3390   -4.4601 O   0  0  0  0  0  0  0  0  0  0  0  0
    2.3272    2.5149   -2.0296 C   0  0  2  0  0  0  0  0  0  0  0  0
    1.5553    2.7502   -2.7624 H   0  0  0  0  0  0  0  0  0  0  0  0
    2.3224    3.5570   -0.8837 C   0  0  0  0  0  0  0  0  0  0  0  0
    1.1631    3.0669    0.0191 C   0  0  1  0  0  0  0  0  0  0  0  0
    0.2033    3.3913   -0.3829 H   0  0  0  0  0  0  0  0  0  0  0  0
    1.2743    1.5289   -0.0239 C   0  0  2  0  0  0  0  0  0  0  0  0
    1.8406    1.1713    0.8361 H   0  0  0  0  0  0  0  0  0  0  0  0
    2.0145    1.1779   -1.3265 C   0  0  2  0  0  0  0  0  0  0  0  0
    1.3792    0.5612   -1.9624 H   0  0  0  0  0  0  0  0  0  0  0  0
    3.2287    0.4859   -1.0284 O   0  0  0  0  0  0  0  0  0  0  0  0
   -0.0294    0.9437   -0.0287 O   0  0  0  0  0  0  0  0  0  0  0  0
    1.3461    3.5772    1.4498 C   0  0  0  0  0  0  0  0  0  0  0  0
    0.2515    3.1371    2.2562 O   0  0  0  0  0  0  0  0  0  0  0  0
    6.8648    2.0544   -1.9109 H   0  0  0  0  0  0  0  0  0  0  0  0
    4.6741    2.1382   -0.8397 H   0  0  0  0  0  0  0  0  0  0  0  0
    2.1157    4.5550   -1.2700 H   0  0  0  0  0  0  0  0  0  0  0  0
    3.2674    3.5425   -0.3407 H   0  0  0  0  0  0  0  0  0  0  0  0
    3.0996   -0.3536   -0.5662 H   0  0  0  0  0  0  0  0  0  0  0  0
   -0.0265   -0.0229   -0.0552 H   0  0  0  0  0  0  0  0  0  0  0  0
    2.2783    3.1871    1.8583 H   0  0  0  0  0  0  0  0  0  0  0  0
    1.3791    4.6667    1.4455 H   0  0  0  0  0  0  0  0  0  0  0  0
    0.3015    3.4247    3.1781 H   0  0  0  0  0  0  0  0  0  0  0  0
  1  8  1  0  0  0  0
  1  2  2  0  0  0  0
  1 23  1  0  0  0  0
  2  3  1  0  0  0  0
  2 24  1  0  0  0  0
  3  4  1  0  0  0  0
  3 10  1  0  0  0  0
  4  5  2  0  0  0  0
  4  6  1  0  0  0  0
  6  7  1  0  0  0  0
  6  8  1  0  0  0  0
  8  9  2  0  0  0  0
 10 11  1  0  0  0  0
 10 17  1  0  0  0  0
 10 12  1  0  0  0  0
 12 13  1  0  0  0  0
 12 25  1  0  0  0  0
 12 26  1  0  0  0  0
 13 14  1  0  0  0  0
 13 15  1  0  0  0  0
 13 21  1  0  0  0  0
 15 16  1  0  0  0  0
 15 17  1  0  0  0  0
 15 20  1  0  0  0  0
 17 18  1  0  0  0  0
 17 19  1  0  0  0  0
 19 27  1  0  0  0  0
 20 28  1  0  0  0  0
 21 22  1  0  0  0  0
 21 29  1  0  0  0  0
 21 30  1  0  0  0  0
 22 31  1  0  0  0  0
M  END
$$$$
