ZINC00002158
-OEChem-07121214023D

 31 33  0     1  0  0  0  0  0999 V2000
    1.0991    3.7743    0.0114 C   0  0  0  0  0  0  0  0  0  0  0  0
    1.1291    2.4176    0.0043 N   0  0  0  0  0  0  0  0  0  0  0  0
    1.9813    1.9544   -0.0057 H   0  0  0  0  0  0  0  0  0  0  0  0
   -0.0211    1.7077    0.0114 C   0  0  0  0  0  0  0  0  0  0  0  0
    0.0021   -0.0041    0.0020 S   0  0  0  0  0  0  0  0  0  0  0  0
   -1.2462    2.4185    0.0210 C   0  0  0  0  0  0  0  0  0  0  0  0
   -1.2047    3.8163    0.0335 C   0  0  0  0  0  0  0  0  0  0  0  0
   -0.0195    4.4435    0.0256 N   0  0  0  0  0  0  0  0  0  0  0  0
   -2.5072    4.2347    0.0486 N   0  0  0  0  0  0  0  0  0  0  0  0
   -3.2946    3.1225    0.0503 C   0  0  0  0  0  0  0  0  0  0  0  0
   -2.5493    2.0547    0.0373 N   0  0  0  0  0  0  0  0  0  0  0  0
   -2.9707    5.6244    0.0613 C   0  0  2  0  0  0  0  0  0  0  0  0
   -2.3247    6.2448   -0.5599 H   0  0  0  0  0  0  0  0  0  0  0  0
   -3.0072    6.1659    1.5076 C   0  0  2  0  0  0  0  0  0  0  0  0
   -3.1046    5.3465    2.2198 H   0  0  0  0  0  0  0  0  0  0  0  0
   -4.2638    7.0642    1.5406 C   0  0  2  0  0  0  0  0  0  0  0  0
   -4.9826    6.6889    2.2691 H   0  0  0  0  0  0  0  0  0  0  0  0
   -4.8379    6.9592    0.1103 C   0  0  1  0  0  0  0  0  0  0  0  0
   -4.4799    7.7854   -0.5039 H   0  0  0  0  0  0  0  0  0  0  0  0
   -4.3382    5.7025   -0.3966 O   0  0  0  0  0  0  0  0  0  0  0  0
   -6.3674    6.9471    0.1498 C   0  0  0  0  0  0  0  0  0  0  0  0
   -6.8785    6.9671   -1.1845 O   0  0  0  0  0  0  0  0  0  0  0  0
   -3.9063    8.4146    1.8416 O   0  0  0  0  0  0  0  0  0  0  0  0
   -1.8348    6.9346    1.7842 O   0  0  0  0  0  0  0  0  0  0  0  0
    2.0326    4.3174    0.0054 H   0  0  0  0  0  0  0  0  0  0  0  0
   -4.3745    3.1260    0.0610 H   0  0  0  0  0  0  0  0  0  0  0  0
   -6.7106    6.0454    0.6569 H   0  0  0  0  0  0  0  0  0  0  0  0
   -6.7238    7.8250    0.6886 H   0  0  0  0  0  0  0  0  0  0  0  0
   -7.8441    6.9608   -1.2360 H   0  0  0  0  0  0  0  0  0  0  0  0
   -4.6577    9.0223    1.8750 H   0  0  0  0  0  0  0  0  0  0  0  0
   -1.8055    7.2991    2.6794 H   0  0  0  0  0  0  0  0  0  0  0  0
  1  8  2  0  0  0  0
  1  2  1  0  0  0  0
  1 25  1  0  0  0  0
  2  3  1  0  0  0  0
  2  4  1  0  0  0  0
  4  5  2  0  0  0  0
  4  6  1  0  0  0  0
  6 11  1  0  0  0  0
  6  7  2  0  0  0  0
  7  8  1  0  0  0  0
  7  9  1  0  0  0  0
  9 10  1  0  0  0  0
  9 12  1  0  0  0  0
 10 11  2  0  0  0  0
 10 26  1  0  0  0  0
 12 13  1  0  0  0  0
 12 20  1  0  0  0  0
 12 14  1  0  0  0  0
 14 15  1  0  0  0  0
 14 16  1  0  0  0  0
 14 24  1  0  0  0  0
 16 17  1  0  0  0  0
 16 18  1  0  0  0  0
 16 23  1  0  0  0  0
 18 19  1  0  0  0  0
 18 20  1  0  0  0  0
 18 21  1  0  0  0  0
 21 22  1  0  0  0  0
 21 27  1  0  0  0  0
 21 28  1  0  0  0  0
 22 29  1  0  0  0  0
 23 30  1  0  0  0  0
 24 31  1  0  0  0  0
M  END
$$$$
