ZINC00089285
-OEChem-07121214023D

 29 30  0     1  0  0  0  0  0999 V2000
   -1.2197    1.7460    0.0173 C   0  0  0  0  0  0  0  0  0  0  0  0
   -1.2532    3.1286    0.0299 C   0  0  0  0  0  0  0  0  0  0  0  0
   -0.0712    3.8462    0.0188 C   0  0  0  0  0  0  0  0  0  0  0  0
    1.1421    3.1785    0.0005 C   0  0  0  0  0  0  0  0  0  0  0  0
    1.1844    1.7837    0.0003 C   0  0  0  0  0  0  0  0  0  0  0  0
   -0.0126    1.0758    0.0080 C   0  0  0  0  0  0  0  0  0  0  0  0
    2.3891    1.0875   -0.0244 N   0  0  0  0  0  0  0  0  0  0  0  0
    3.5911    1.5704    0.2724 C   0  0  0  0  0  0  0  0  0  0  0  0
    4.5582    0.8584    0.1020 O   0  0  0  0  0  0  0  0  0  0  0  0
    3.8091    2.9607    0.8113 C   0  0  1  0  0  0  0  0  0  0  0  0
    4.8349    3.2737    0.6167 H   0  0  0  0  0  0  0  0  0  0  0  0
    2.6548    4.0890   -0.0276 S   0  0  0  0  0  0  0  0  0  0  0  0
    3.5424    2.9771    2.3178 C   0  0  0  0  0  0  0  0  0  0  0  0
    3.8547    4.3447    2.8683 C   0  0  0  0  0  0  0  0  0  0  0  0
    4.2514    5.2198    2.1289 O   0  0  0  0  0  0  0  0  0  0  0  0
    3.6931    4.5951    4.1827 N   0  0  0  0  0  0  0  0  0  0  0  0
    3.9724    5.8182    4.6751 C   0  0  0  0  0  0  0  0  0  0  0  0
    4.3700    6.6954    3.9338 O   0  0  0  0  0  0  0  0  0  0  0  0
    3.8107    6.0685    5.9895 N   0  0  0  0  0  0  0  0  0  0  0  0
   -2.1437    1.1869    0.0186 H   0  0  0  0  0  0  0  0  0  0  0  0
   -2.2006    3.6468    0.0442 H   0  0  0  0  0  0  0  0  0  0  0  0
   -0.0942    4.9259    0.0249 H   0  0  0  0  0  0  0  0  0  0  0  0
    0.0021   -0.0041    0.0020 H   0  0  0  0  0  0  0  0  0  0  0  0
    2.3471    0.1541   -0.2850 H   0  0  0  0  0  0  0  0  0  0  0  0
    2.4947    2.7411    2.5039 H   0  0  0  0  0  0  0  0  0  0  0  0
    4.1743    2.2356    2.8067 H   0  0  0  0  0  0  0  0  0  0  0  0
    3.3757    3.8949    4.7743 H   0  0  0  0  0  0  0  0  0  0  0  0
    3.4933    5.3684    6.5811 H   0  0  0  0  0  0  0  0  0  0  0  0
    4.0117    6.9488    6.3439 H   0  0  0  0  0  0  0  0  0  0  0  0
  1  6  2  0  0  0  0
  1  2  1  0  0  0  0
  1 20  1  0  0  0  0
  2  3  2  0  0  0  0
  2 21  1  0  0  0  0
  3  4  1  0  0  0  0
  3 22  1  0  0  0  0
  4 12  1  0  0  0  0
  4  5  2  0  0  0  0
  5  6  1  0  0  0  0
  5  7  1  0  0  0  0
  6 23  1  0  0  0  0
  7  8  1  0  0  0  0
  7 24  1  0  0  0  0
  8  9  2  0  0  0  0
  8 10  1  0  0  0  0
 10 11  1  0  0  0  0
 10 12  1  0  0  0  0
 10 13  1  0  0  0  0
 13 14  1  0  0  0  0
 13 25  1  0  0  0  0
 13 26  1  0  0  0  0
 14 15  2  0  0  0  0
 14 16  1  0  0  0  0
 16 17  1  0  0  0  0
 16 27  1  0  0  0  0
 17 18  2  0  0  0  0
 17 19  1  0  0  0  0
 19 28  1  0  0  0  0
 19 29  1  0  0  0  0
M  END
$$$$
