0 -0.83968699999999996 0.00104948 0.97533099999999995 0.48288999999999999 -0.20374600000000001 0.52440399999999998 -0.67507899999999998 0.0029485499999999999 0.0 0.946353
1 -0.80705400000000005 0.0011078800000000001 0.16738599999999998 0.39440599999999998 -0.17776600000000001 0.35464400000000001 -0.53957200000000005 0.0022797999999999998 0.0 0.92639200000000022
2 -0.818388 -0.00314226 0.90961999999999998 0.48678100000000002 -0.24129500000000001 0.52440399999999998 -0.43168299999999998 0.0013335199999999999 0.0 0.90455799999999997
3 -0.74508999999999981 -0.00025798800000000001 -0.146593 0.162416 -0.21035599999999999 0.30541099999999999 -0.35667100000000002 0.00060861800000000001 0.0 0.90166800000000003
4 -0.82468799999999975 0.00182825 -0.20061699999999999 0.264851 -0.17458800000000002 0.42441800000000002 -0.41039799999999987 0.00135165 0.0 0.89264200000000005
5 -0.732761 -0.00067020800000000005 0.25361 0.45319100000000001 -0.22676499999999999 0.83186399999999983 -0.54652100000000003 0.0021728799999999999 0.0 0.8901889999999999
6 -0.63771899999999992 -0.0019322 0.47918899999999998 0.22731100000000001 -0.15248699999999998 1.0035700000000001 0.012452299999999999 0.00097788200000000001 0.0 0.89002300000000001
7 -0.58202799999999999 -0.0014430700000000001 -0.098926100000000003 0.14607400000000001 -0.067857699999999993 0.76992099999999986 -0.069412699999999994 0.00046381100000000001 0.0 0.86816899999999997
8 -0.67795300000000003 0.00052298100000000005 -0.20039100000000001 0.228548 -0.12770899999999999 1.2324299999999999 -0.111813 0.00134268 0.0 0.86711099999999997
9 -0.78970799999999985 0.00035423600000000001 -0.18942700000000001 0.45174399999999998 -0.13794600000000001 0.695384 -0.37071300000000001 0.0016941700000000001 0.0 0.85763500000000004
10 -0.68893700000000002 0.00105466 0.54349899999999995 0.194518 -0.24706700000000001 1.0190600000000001 -0.39296900000000001 0.00215883 0.0 0.85662700000000003
11 -0.76402399999999981 -0.00463767 1.4572000000000001 0.53617899999999996 -0.211671 0.94157300000000022 -0.351103 0.00061188099999999999 0.0 0.84411599999999998
12 -0.80766099999999985 -0.00082703799999999999 -0.25051400000000001 0.17874399999999999 -0.136935 0.83996700000000002 -0.29246899999999998 0.00188068 0.0 0.83502999999999983
13 -0.78589900000000001 0.0012348000000000001 0.29491600000000001 0.266289 -0.21255900000000005 0.4795930000000001 -0.24194599999999999 0.00057502300000000003 0.0 0.82747700000000002
14 -0.79571899999999984 -0.00096933700000000002 0.12359000000000001 0.22095699999999999 -0.114926 0.76526400000000006 -0.2092 0.0025894500000000001 0.0 0.826816
15 -0.89060899999999998 0.00247796 0.31758600000000003 0.21030699999999999 -0.25462600000000002 0.63567200000000001 -0.20999499999999999 0.0034527199999999998 0.0 0.81935400000000025
16 -0.700102 0.00064281800000000008 0.12478599999999999 0.26505000000000001 -0.21678200000000006 1.2458499999999999 -0.29666100000000001 0.0017906199999999999 0.0 0.81008000000000002
17 -0.64091500000000001 -0.0021143999999999998 0.28781800000000002 0.27823300000000001 -0.17282600000000001 1.0879399999999999 -0.39952100000000002 0.0008013260000000001 0.0 0.80461899999999975
18 -0.90292399999999995 -0.00023148099999999999 -0.42807299999999998 0.23507 -0.137881 0.27366800000000002 -0.33647199999999999 0.0017469300000000001 0.0 0.80387699999999995
19 -0.765872 0.000846037 0.33188400000000001 0.78481699999999999 -0.22081100000000001 1.0891900000000001 -0.12234399999999999 0.0019473400000000001 0.0 0.79667299999999985
20 -0.63956900000000005 1.9827999999999999e-06 0.21950700000000001 0.15301500000000001 -0.059543600000000002 0.347223 -0.18859799999999999 0.00196313 0.0 0.793319
21 -0.834013 0.000109714 -0.27274599999999999 0.17933099999999999 -0.124097 1.26379 -0.109652 0.0026008799999999999 0.0 0.79208500000000004
22 -0.74804599999999999 0.000110503 0.076882500000000006 0.16306399999999999 -0.063496800000000006 0.82650199999999996 0.031361300000000002 0.00076171300000000002 0.0 0.78849399999999981
23 -0.70458199999999993 0.0014337900000000001 0.41017999999999999 0.17766899999999999 -0.16484799999999999 0.87908299999999984 -0.36929899999999999 0.0024975000000000002 0.0 0.784057
24 -0.88632500000000003 -0.00109421 0.76183699999999999 0.368703 -0.199489 0.50200299999999998 -0.52332900000000004 0.00144264 0.0 0.78028399999999998
25 -0.67505100000000007 0.00156599 0.32916000000000001 0.17723900000000001 -0.144734 1.0011000000000001 -0.309278 0.0027609700000000002 0.0 0.77776299999999998
26 -0.72703399999999996 -0.00091288299999999997 -0.070252300000000004 0.148672 -0.079567299999999994 1.07562 -0.108177 0.0011927800000000001 0.0 0.77765299999999982
27 -0.66557200000000005 0.00037558699999999998 -0.34688800000000003 0.28484799999999999 -0.124408 0.55520400000000003 -0.44813399999999998 0.00144775 0.0 0.77084600000000003
28 -0.62753800000000004 -0.0019241099999999999 0.25887900000000003 0.21296799999999999 -0.090388899999999994 0.42805700000000002 -0.091630500000000004 0.0012286899999999999 0.0 0.77055600000000002
29 -0.84083200000000002 -0.0014599999999999999 0.067343100000000003 0.31261 -0.194192 1.9372799999999999 -0.38384099999999999 0.0013815800000000001 0.0 0.764239
30 -0.909107 -0.0031628200000000002 -0.062296800000000013 0.35668899999999998 -0.22986999999999999 0.42546699999999998 -0.48116199999999998 0.0014544899999999999 0.0 0.75648499999999996
31 -0.65312399999999993 0.0019762400000000002 0.66281599999999996 0.62953800000000004 -0.178587 0.696801 -0.50179700000000005 0.0017985099999999999 0.0 0.75584799999999985
32 -0.81335299999999999 -0.000112817 -0.85878600000000005 0.28739900000000002 -0.13867399999999999 0.492894 -0.496475 0.00072673499999999984 0.0 0.75294499999999998
33 -0.75884799999999974 -0.0018350899999999999 0.33448 0.63889499999999999 -0.16137299999999999 0.346057 -0.528528 0.0014539100000000001 0.0 0.75285199999999997
34 -0.70200700000000005 -0.00015068200000000002 0.67370399999999997 0.52882899999999999 -0.21579599999999999 0.38426199999999999 -0.42781999999999998 0.0025317199999999999 0.0 0.75047200000000003
35 -0.96721800000000002 0.00057675499999999998 -0.42927100000000001 0.31481100000000001 -0.123737 1.6378200000000001 -0.28697399999999995 0.00178751 0.0 0.74637600000000004
36 -0.80352999999999986 0.00047603700000000001 -0.25798199999999999 0.51186899999999991 -0.16361300000000001 0.84437600000000002 -0.37917299999999998 0.0020393099999999999 0.0 0.73777499999999985
37 -0.63575800000000005 -2.9342299999999999e-05 -0.049511399999999997 0.12559800000000002 -0.048526600000000003 0.69984500000000005 -0.219918 0.0023321000000000001 0.0 0.736456
38 -0.75765400000000005 -0.00079198799999999998 0.010512000000000001 0.50531899999999996 -0.27066400000000002 0.70610600000000001 -0.58986899999999998 0.00122138 0.0 0.72365000000000002
39 -0.77883999999999998 0.0013812999999999998 0.88448199999999999 0.39069300000000001 -0.252556 0.26952600000000004 -0.231262 0.0014635099999999999 0.0 0.72053199999999995
40 -0.70135200000000009 0.00025284200000000003 0.34297699999999998 0.14726700000000001 -0.099720900000000001 0.55809799999999998 -0.22864200000000001 0.0015357700000000001 0.0 0.71109800000000001
41 -0.76495400000000002 0.00296094 0.23365500000000006 0.22764400000000001 -0.14241400000000001 0.47866300000000001 -0.21846599999999999 0.00043362000000000001 0.0 0.71035800000000004
42 -0.71687200000000006 0.0004501380000000001 -0.37284299999999998 0.189608 -0.056713300000000001 0.45746500000000001 -0.45779199999999998 0.0020108399999999998 0.0 0.70479899999999995
43 -0.58331499999999992 -0.00058834499999999999 0.62237500000000001 0.40808 -0.280331 1.6874 -0.58309699999999998 0.0011815899999999999 0.0 0.70380900000000002
44 -0.66236099999999998 -0.00035242300000000004 0.131355 0.15629500000000002 -0.093515699999999993 0.263961 -0.07262289999999999 0.00079279000000000003 0.0 0.70325499999999996
45 -0.68048799999999998 -0.00066213800000000005 -0.18256500000000001 0.385488 -0.121744 1.15239 -0.16964000000000001 0.00019590400000000005 0.0 0.70315099999999997
46 -1.0973999999999999 0.00038024599999999999 -0.61854500000000001 0.46017700000000011 -0.23902999999999999 1.7682099999999998 -0.54982200000000003 0.00055031500000000001 0.0 0.70228900000000005
47 -0.97006000000000003 0.00071093699999999992 0.082480300000000006 0.24962400000000001 -0.235733 1.72038 -0.47645900000000002 0.0023909999999999999 0.0 0.69627899999999998
48 -0.91688700000000001 -0.00086515599999999995 0.34042800000000001 0.27778400000000003 -0.13207199999999999 1.4472200000000002 -0.061607500000000003 0.0022950599999999998 0.0 0.69495099999999999
49 -0.79119899999999999 0.00099376299999999994 0.87071900000000002 0.4763 -0.22436600000000001 1.3055399999999999 -0.15978800000000001 0.00135154 0.0 0.68909500000000001
50 -0.64891200000000004 -0.00075293699999999986 -0.41578399999999999 0.17723699999999998 -0.056591099999999984 0.22759399999999999 -0.20827100000000001 0.00125906 0.0 0.68773600000000001
51 -0.76756199999999986 0.00089705299999999998 1.0974600000000001 0.60978699999999997 -0.25123800000000002 0.53079200000000004 -0.61019499999999993 0.00135899 0.0 0.68579499999999993
0 -0.82716499999999982 -0.0030405699999999998 0.60731800000000002 0.40515699999999999 -0.22476099999999999 0.70787800000000001 -0.136212 0.00142804 0.0 0.68499100000000002
52 -0.82716499999999982 -0.0030405699999999998 0.60731800000000002 0.40515699999999999 -0.22476099999999999 0.70787800000000001 -0.136212 0.00142804 0.0 0.68499100000000002
53 -0.57726200000000005 0.0014293800000000001 0.67893000000000003 0.21027499999999999 -0.140434 0.51840299999999995 -0.069950999999999999 0.00107595 0.0 0.68201599999999996
54 -0.63923599999999992 1.5187e-05 -0.16245000000000001 0.156107 -0.076485399999999981 0.64671499999999993 -0.154587 0.0014267800000000001 0.0 0.67991099999999993
55 -0.76904300000000003 -0.00150719 -0.13184500000000002 0.15210199999999999 -0.12667700000000001 0.70746799999999999 -0.11391800000000001 0.0018795999999999999 0.0 0.67682299999999995
56 -0.69897600000000004 0.000530022 1.1644099999999999 0.68808000000000002 -0.26602700000000001 0.19384100000000001 -0.57511000000000001 0.00267637 0.0 0.672435
57 -0.908084 0.000242919 0.54727799999999993 0.23955799999999999 -0.18853600000000001 0.84802900000000003 -0.064328300000000019 0.0019238300000000001 0.0 0.67197799999999996
58 -0.58080500000000002 0.00024694199999999999 0.58098500000000008 0.58795399999999998 -0.065366699999999986 1.84023 -0.29021400000000003 0.00075618899999999999 0.0 0.67145200000000005
59 -0.59458599999999995 -0.0037639599999999998 0.89794699999999983 0.81287600000000004 -0.189974 1.18564 -0.42658600000000002 0.00033799500000000001 0.0 0.66915100000000005
60 -0.73270999999999997 -1.4398800000000003e-05 -0.0693217 0.16142599999999999 -0.113145 0.90388199999999996 -0.039579200000000002 0.0011893699999999999 0.0 0.66681699999999999
61 -0.73017399999999999 0.00057168099999999999 0.29828100000000002 0.23838200000000001 -0.099549399999999996 0.65775799999999995 -0.27124199999999998 0.00092087099999999997 0.0 0.66122499999999995
62 -0.64008399999999999 0.00050849000000000001 0.223825 0.27370300000000003 -0.087268399999999982 0.49208200000000002 0.031370000000000002 0.0019682200000000001 0.0 0.65918900000000002
63 -0.76953300000000002 -0.00059160000000000007 0.074058700000000005 0.201128 -0.11758399999999999 0.293682 -0.31823899999999999 0.00137612 0.0 0.65575099999999997
64 -0.53116400000000008 -0.00073256699999999983 0.036149900000000006 0.22800999999999999 -0.085267599999999999 1.44092 -0.10344200000000001 0.00050440399999999996 0.0 0.65526700000000004
65 -0.780169 -0.00051215099999999997 -0.50264500000000001 0.29580700000000004 -0.175729 0.543076 -0.38784800000000003 0.00261583 0.0 0.65519400000000005
66 -0.64596500000000001 -0.00021337299999999999 0.60861200000000004 0.27937699999999999 -0.21727800000000005 0.97026500000000004 -0.27998400000000001 0.00093698399999999997 0.0 0.65352200000000005
67 -0.838951 -0.0026535 0.0293765 0.47864899999999999 -0.15592800000000001 0.86612500000000003 -0.14909800000000001 0.0026156700000000001 0.0 0.65215000000000001
68 -0.63079799999999997 0.000850623 -0.024661900000000004 0.13717599999999999 -0.16079200000000002 1.1918799999999998 -0.077007100000000009 0.00070825800000000002 0.0 0.65177499999999999
69 -1.0141100000000001 0.000382464 -0.25864700000000002 0.201764 -0.27817800000000004 1.9206799999999999 -0.185526 0.00089700700000000001 0.0 0.65103299999999997
70 -0.67721500000000001 0.00093316199999999997 -0.11341900000000001 0.32135399999999997 -0.14880499999999999 1.23729 -0.437946 0.00074612399999999981 0.0 0.65069900000000003
71 -0.71783399999999997 -0.00083208199999999983 0.386214 0.30580100000000005 -0.113422 0.47666799999999998 -0.19761200000000001 0.00108939 0.0 0.65053000000000005
72 -0.75150699999999981 -0.00054507999999999998 -0.37081199999999997 0.20646900000000001 -0.093639100000000003 1.3786099999999999 -0.145173 0.00089886800000000004 0.0 0.65036700000000003
73 -0.84199000000000002 -0.00052241600000000005 0.097749100000000005 0.33055699999999999 -0.136521 1.6541099999999995 -0.56759700000000002 0.0034816199999999999 0.0 0.64529599999999998
74 -0.60932500000000001 0.000230802 -0.14485100000000001 0.214115 -0.075577199999999983 1.0164200000000001 -0.147199 0.00102497 0.0 0.64369100000000001
75 -0.922184 -0.00098076499999999998 -0.11242199999999999 0.210012 -0.208316 1.18706 -0.28092299999999998 0.00123091 0.0 0.64285100000000006
76 -0.80623800000000001 -0.00103173 -0.34176299999999998 0.28998299999999999 -0.17397000000000001 0.81540900000000005 -0.50459900000000002 0.000305851 0.0 0.63864900000000002
1 -0.77163700000000002 -0.0013803699999999999 0.33521400000000001 0.25240400000000002 -0.21225500000000005 1.1813499999999999 -0.45297500000000002 0.0012558999999999999 0.0 0.63792700000000002
77 -0.70399899999999993 0.00114872 0.47842600000000002 0.36458400000000002 -0.087802499999999992 0.70237799999999995 -0.113202 0.0034516500000000001 0.0 0.63559900000000003
78 -0.78008500000000003 0.00070467700000000002 -0.49893199999999999 0.31766300000000003 -0.151529 1.2900400000000001 -0.54908199999999996 0.00079082899999999984 0.0 0.63474399999999997
79 -0.78257100000000002 0.00016470599999999998 1.1006499999999999 0.30097200000000002 -0.25434200000000001 0.53715299999999999 -0.119157 0.000453175 0.0 0.63431400000000004
80 -0.84117600000000003 0.00068363199999999999 0.43621100000000002 0.14928900000000001 -0.13763599999999998 1.6241099999999999 -0.211483 0.0013842800000000001 0.0 0.63398600000000005
81 -0.77516099999999999 0.00057747699999999996 0.14324799999999999 0.48852899999999999 -0.19148499999999999 0.94878700000000005 -0.68171199999999998 0.0025381599999999998 0.0 0.63134999999999997
2 -0.73274399999999984 -0.0021267500000000002 -0.29926000000000003 0.212202 -0.20152 1.09701 -0.37273299999999998 0.0025398399999999998 0.0 0.628857
82 -0.73274399999999984 -0.0021267500000000002 -0.29926000000000003 0.212202 -0.20152 1.09701 -0.37273299999999998 0.0025398399999999998 0.0 0.628857
83 -0.89546700000000001 -0.00033835199999999999 0.011781299999999998 0.165103 -0.20547199999999999 1.2185600000000001 -0.25603400000000004 0.00126015 0.0 0.62584499999999998
84 -0.389513 0.000182447 0.064554899999999998 0.14940699999999998 -0.0144887 2.3903400000000001 -0.011736399999999999 0.00016568099999999999 0.0 0.62369300000000005
85 -0.74212199999999995 -0.00038527 0.17140899999999998 0.19941999999999999 -0.116675 0.79286599999999985 -0.085533399999999982 0.00097352500000000004 0.0 0.62156199999999995
86 -0.77364500000000003 -0.00034210400000000003 0.592831 0.201682 -0.20232800000000001 0.60279199999999999 -0.174653 0.00113868 0.0 0.62091800000000008
87 -0.70202500000000001 -0.00091764500000000003 -0.12430099999999999 0.326679 -0.19103999999999999 1.26854 -0.33460500000000004 0.00042192599999999999 0.0 0.61917200000000006
88 -0.87435300000000005 -0.0031528400000000001 0.86999599999999999 0.17849899999999999 -0.193104 0.79400400000000004 -0.16527 0.0016213899999999999 0.0 0.61803300000000005
89 -0.87632600000000005 -0.00050870899999999998 0.674902 0.33652500000000002 -0.26926800000000001 0.87972499999999998 -0.27318700000000001 0.00228897 0.0 0.61777599999999999
90 -0.76572299999999982 0.0022582600000000002 1.2802899999999999 1.0739700000000001 -0.185248 1.04071 -0.24779399999999999 0.0015095600000000001 0.0 0.616448
91 -0.59974799999999995 0.00025180200000000003 -0.092820299999999994 0.14795999999999998 -0.086093100000000006 0.76927000000000001 -0.30993000000000004 0.0015373800000000001 0.0 0.61599399999999993
92 -0.73907700000000021 -0.0021722899999999999 -0.25498700000000002 0.18115700000000001 -0.12854599999999999 0.810388 -0.39239200000000002 0.00126994 0.0 0.61523400000000006
93 -0.76773800000000003 0.00048103700000000002 0.0025369699999999999 0.532358 -0.24329999999999999 1.9358 -0.31085499999999999 0.00036453000000000001 0.0 0.61248999999999998
94 -0.67150200000000004 0.00033825000000000001 -0.085947300000000004 0.18245800000000001 -0.123943 1.1768099999999999 -0.205564 0.00140467 0.0 0.61226199999999997
95 -0.66355500000000001 -0.00033619699999999999 -0.13361199999999998 0.212029 -0.089114100000000002 0.81556399999999996 -0.28518300000000002 0.00020610999999999999 0.0 0.610707
96 -0.78756999999999999 -0.00087935399999999983 0.32435700000000001 0.34689300000000001 -0.164407 1.37893 -0.22072800000000001 0.0022183000000000003 0.0 0.61024899999999993
97 -0.63406200000000001 -0.0044809899999999998 1.2035400000000001 0.62965800000000005 -0.21748899999999999 0.62090800000000002 -0.37030999999999997 0.00099672299999999992 0.0 0.60709399999999991
98 -0.78194699999999995 -0.00035076399999999999 0.11965099999999999 0.34304699999999999 -0.0803643 2.2864100000000001 -0.52706200000000003 0.00096246199999999997 0.0 0.602962
99 -0.58792500000000003 0.00091509700000000002 0.10398499999999999 0.16925200000000001 -0.161108 1.0565800000000001 -0.24618399999999999 0.0023789599999999998 0.0 0.60213800000000006
3 -0.55071999999999999 -0.00419776 1.19201 0.58261499999999999 -0.186168 0.768679 -0.33035399999999998 0.00201608 0.0 0.55709200000000003
4 -0.79814099999999999 -0.00134957 0.77470399999999984 0.72203200000000001 -0.20846999999999999 0.72304099999999982 -0.0746304 0.00050085500000000003 0.0 0.52083599999999997
5 -0.69579799999999992 0.00171338 0.54881500000000005 0.26664500000000002 -0.21312500000000001 0.60689599999999999 -0.23568000000000006 0.0027336399999999999 0.0 0.45901199999999998
6 -0.70786099999999996 0.00024963999999999997 -0.27329599999999998 0.27082800000000001 -0.170653 1.6954599999999995 -0.34377099999999999 0.00024087199999999999 0.0 0.45086599999999999
7 -0.77303699999999975 -0.0012447599999999999 0.467636 0.46492499999999998 -0.22764499999999999 0.74736400000000003 -0.31748799999999999 0.00177476 0.0 0.44830300000000001
8 -0.72860199999999997 -0.0011790500000000001 0.068506799999999993 0.24815400000000001 -0.11391900000000001 1.0488200000000001 -0.23843300000000001 0.0015586199999999999 0.0 0.43903900000000001
9 -0.69490099999999999 -0.0002588 -0.0015481500000000001 0.164604 -0.097810099999999997 0.408277 -0.14566999999999999 0.00156207 0.0 0.43506000000000011
10 -0.57624200000000003 -0.0018449199999999999 0.125142 0.228794 -0.121424 0.55774699999999999 -0.22456200000000001 0.0017049599999999999 0.0 0.43287300000000001
11 -1.07917 -0.00032835200000000002 0.60690500000000003 0.54273700000000002 -0.240255 1.1944600000000001 -0.59460400000000002 0.0027568100000000002 0.0 0.43152299999999988
12 -0.90147900000000003 -0.00049122199999999993 1.3437300000000001 0.76904899999999998 -0.14966600000000002 0.87498999999999982 0.0661075 0.00025953 0.0 0.399254
13 -0.68125800000000003 0.00075551899999999985 -0.42282700000000012 0.31195400000000001 -0.15486 1.34965 -0.52347900000000003 0.0031324899999999999 0.0 0.398171
14 -0.59028800000000003 -0.00028405999999999999 -0.15809300000000001 0.15221199999999999 -0.086390800000000004 0.70804699999999998 -0.087265800000000004 0.0015854199999999999 0.0 0.39768300000000001
15 -1.0106900000000001 -4.1566000000000001e-05 -0.25983899999999999 0.241756 -0.20413300000000001 1.26936 -0.14013999999999999 0.0022824899999999999 0.0 0.395117
16 -0.723167 3.7242700000000002e-05 0.8388690000000002 0.409078 -0.095200000000000007 0.895235 -0.48238900000000001 0.00054613900000000006 0.0 0.38279000000000002
17 -0.523895 -0.00101764 0.32405800000000001 0.23706199999999999 -0.073052100000000009 0.35955399999999998 -0.0174968 0.000707382 0.0 0.37282199999999999
18 -0.75561999999999985 -0.0012638899999999999 -0.16462299999999999 0.161164 -0.115555 0.59121900000000005 -0.25032900000000002 0.00044955700000000001 0.0 0.36948399999999998
19 -0.68788900000000008 -0.00027742799999999997 -0.36672900000000003 0.38636199999999998 -0.17285899999999998 1.0126299999999999 -0.51148700000000002 0.00058694499999999996 0.0 0.36038700000000001
20 -0.672763 -0.0022123899999999998 1.0079 0.31964199999999998 -0.19259999999999999 0.77945600000000004 -0.25628099999999998 0.00228218 0.0 0.35734900000000003
21 -0.66078400000000004 0.0025779100000000001 1.5218200000000002 0.5127520000000001 -0.181835 1.37741 -0.0557951 0.00050690000000000002 0.0 0.35394300000000001
22 -0.49600499999999997 0.00045553100000000001 0.68213599999999996 0.374116 -0.10366400000000001 1.24821 -0.027108500000000001 0.0011862299999999999 0.0 0.34923300000000002
23 -0.67757000000000001 0.0013813899999999999 0.58402500000000002 0.26299499999999998 -0.12648800000000002 1.12418 -0.090644500000000003 0.0007042839999999999 0.0 0.34455200000000002
24 -0.56832499999999997 -0.00248672 0.84320300000000004 0.42381799999999997 -0.18362600000000001 0.895459 -0.30984099999999998 0.00030267100000000002 0.0 0.33770900000000004
25 -0.89042699999999997 0.00129575 0.88008799999999976 0.37020500000000001 -0.17262 0.86390400000000023 -0.52047700000000008 0.00086209100000000005 0.0 0.33376500000000003
26 -0.62696499999999999 0.00025410599999999998 1.04911 0.34251999999999999 -0.16172500000000001 1.80785 -0.22511500000000001 0.0017202299999999999 0.0 0.33326899999999998
27 -0.80484500000000003 -6.5783500000000003e-06 1.07294 0.195163 -0.199268 0.95612299999999995 -0.138014 0.00279445 0.0 0.330706
28 -0.74079899999999999 -8.1076400000000022e-05 0.0133998 0.26056699999999999 -0.18020700000000001 0.18330099999999999 -0.45830399999999999 0.00031406799999999998 0.0 0.327347
29 -0.71503700000000003 0.00028785900000000001 -0.35969200000000001 0.37140000000000001 -0.22098000000000001 1.0283199999999999 -0.21192600000000006 0.0015328399999999999 0.0 0.32389600000000002
30 -0.56723599999999996 -0.00047259400000000001 0.61335499999999998 0.26964700000000003 -0.12442599999999999 0.71706199999999998 -0.13602300000000001 0.00295817 0.0 0.322461
31 -0.73860099999999995 4.9293000000000004e-06 -0.90712700000000002 0.230127 -0.083767399999999992 0.630193 -0.281939 0.00054361600000000002 0.0 0.31162299999999998
32 -0.73405100000000001 0.0023182400000000001 0.66750900000000002 0.44830599999999998 -0.22751099999999999 0.329683 -0.49954500000000002 0.00084038299999999999 0.0 0.30532500000000001
33 -0.63938000000000006 -0.00101746 0.76566499999999982 0.49575799999999998 -0.081645800000000004 0.82666299999999981 -0.38047399999999998 0.00097886700000000002 0.0 0.30461900000000003
34 -0.68775299999999995 0.00093882500000000001 0.69198999999999999 0.52658100000000008 -0.11569400000000001 1.6844599999999998 -0.380776 0.0010337499999999999 0.0 0.30372700000000002
35 -0.72001800000000005 0.00034268999999999999 -0.00064723500000000002 0.185666 -0.081294400000000003 0.38709399999999999 -0.051076099999999999 0.0014240800000000001 0.0 0.30152699999999999
36 -0.94886300000000001 0.0010801700000000001 1.0588599999999999 0.30341800000000002 -0.16479000000000002 1.0854200000000001 -0.41161399999999998 0.0027921700000000001 0.0 0.300066
37 -0.62119100000000005 -0.00049316300000000002 0.17727299999999999 0.20047699999999999 -0.17397200000000002 0.65816600000000003 0.022102900000000002 5.1759099999999997e-05 0.0 0.295603
38 -0.68732299999999991 0.00015908200000000001 0.146231 0.174014 -0.166495 0.98119800000000001 -0.22977800000000001 0.0010217799999999999 0.0 0.28890300000000002
39 -0.56571899999999997 0.000106975 0.018309599999999999 0.121446 -0.0890315 0.92394200000000004 0.051169699999999992 0.000178262 0.0 0.28794200000000003
40 -0.84100799999999998 -0.0012467699999999999 1.0216499999999999 0.87129199999999984 -0.230679 3.5158999999999998 -0.51394200000000001 0.00057618300000000008 0.0 0.27953699999999998
41 -0.76020100000000002 -0.00093603200000000005 0.117531 0.257303 -0.16062199999999999 1.55522 -0.62242799999999998 0.00045624199999999999 0.0 0.27857900000000002
42 -0.73307599999999995 0.0011336499999999999 0.40657700000000002 0.32433800000000002 -0.067281800000000003 1.2729700000000002 -0.52495000000000003 0.00100515 0.0 0.27421100000000004
43 -1.0613600000000001 0.00090580000000000001 0.460623 0.684728 -0.12346 1.6964999999999999 -0.72236800000000001 0.0029547699999999998 0.0 0.27044899999999999
44 -0.79182600000000003 0.00063122199999999997 0.80919300000000005 0.22397900000000001 -0.124818 0.64268999999999998 -0.21659300000000001 0.00120728 0.0 0.26883000000000001
45 -0.927624 0.00016888800000000001 -0.15357999999999999 1.47787 -0.270617 2.1273 -0.164686 9.9363099999999997e-05 0.0 0.25780700000000001
46 -0.79919499999999999 -2.9836300000000001e-05 0.183786 0.48715999999999998 -0.17033099999999998 1.7402599999999999 -0.67540100000000003 0.00041351300000000001 0.0 0.25759100000000001
47 -0.85186299999999981 -0.00168301 -0.99094899999999997 0.297319 -0.18215899999999999 1.10606 -0.36835400000000001 0.00115627 0.0 0.24568499999999999
48 -0.67712899999999998 -0.0019423800000000001 -0.40642200000000001 0.55406200000000005 -0.19617200000000001 0.65717399999999992 -0.21205099999999999 0.0032724999999999998 0.0 0.24513099999999999
49 -0.63597799999999993 0.000156859 0.33577499999999999 0.25189400000000001 -0.159493 1.61467 -0.15796500000000002 0.0011168599999999999 0.0 0.24501999999999999
50 -0.89484799999999998 0.00184177 1.35493 0.64940799999999999 -0.13293099999999999 0.86829299999999998 -0.25551800000000002 0.00033647499999999998 0.0 0.24143400000000001
51 -0.93722399999999995 0.00026617299999999997 0.48542299999999999 0.76046000000000002 -0.21671699999999999 1.10009 -0.93587100000000001 0.00208713 0.0 0.23860899999999999
52 -1.0196000000000001 0.0015577 0.85981200000000024 0.60982100000000006 -0.20783499999999999 2.6267900000000002 -0.24963299999999999 0.00085586099999999997 0.0 0.23724899999999999
53 -0.79606199999999983 -0.00073036300000000004 0.53267200000000003 0.33624999999999999 -0.223083 0.858989 -0.448463 0.00165397 0.0 0.22314000000000001
54 -0.75726400000000005 -0.010569 0.46821200000000002 0.77111399999999997 -0.23538799999999999 2.0924900000000002 -0.147923 0.00010700300000000001 0.0 0.22251499999999999
55 -0.50988500000000003 0.0010962999999999999 0.34414699999999998 0.169908 -0.0250323 1.1011200000000001 -0.16250599999999998 0.0015272 0.0 0.21424099999999999
56 -0.67287600000000003 -0.0010420500000000001 1.1733800000000001 0.42354000000000003 -0.197326 0.47438100000000011 -0.16961899999999999 0.0020144099999999999 0.0 0.206735
57 -0.63688900000000004 0.00054040300000000006 0.14782600000000001 0.353792 -0.068004999999999996 1.4814099999999999 -0.072059200000000004 0.00032716400000000001 0.0 0.204009
58 -0.69994100000000004 0.0014861500000000001 -0.19223999999999999 0.63989200000000002 -0.140574 0.62241500000000005 -0.65094099999999999 0.00068309300000000007 0.0 0.20011200000000001
59 -0.53326700000000005 -0.0022323099999999999 0.26870700000000003 0.245084 -0.101482 1.0331699999999999 0.0343124 2.88625e-05 0.0 0.19942699999999999
60 -0.71888200000000002 0.00075414899999999986 0.65214799999999995 0.31359199999999998 -0.119237 1.27746 -0.22969000000000001 0.00034314800000000004 0.0 0.18790599999999999
61 -0.58583000000000007 -0.00084785800000000005 -0.249585 0.17858800000000002 -0.067346000000000003 0.96291600000000022 -0.073797100000000004 0.00175526 0.0 0.18365899999999999
62 -0.73393699999999984 7.7501699999999987e-06 0.34276299999999998 0.574905 -0.14750199999999999 1.1914400000000001 -0.31493100000000002 0.0043620400000000002 0.0 0.18215300000000001
63 -0.85213700000000003 0.0011287000000000001 0.132438 0.74310699999999985 -0.18473000000000001 1.2379500000000001 -0.61232700000000007 0.0025637899999999998 0.0 0.18057000000000001
64 -0.77618599999999982 0.000124797 0.44880799999999998 0.29842800000000003 -0.073358300000000015 0.81896999999999998 -0.22651199999999999 0.00156492 0.0 0.17782800000000001
65 -0.78137500000000004 -0.00040119500000000002 0.55506800000000001 0.19131600000000001 -0.14758099999999999 0.691805 -0.33629599999999998 0.00359933 0.0 0.17430699999999999
66 -0.8732540000000002 -9.9817700000000005e-05 0.104282 0.75663899999999995 -0.20332800000000001 0.24893899999999999 -0.244917 0.00136101 0.0 0.17232999999999998
67 -0.899922 0.0014949200000000001 1.4592400000000001 0.85093299999999983 -0.11430899999999999 1.3483700000000001 -0.42988399999999999 0.0020823199999999999 0.0 0.16730799999999998
68 -0.95128900000000005 -0.00076850499999999984 -0.337669 0.33107600000000004 -0.232928 1.33372 -0.20760500000000001 0.00129839 0.0 0.162276
69 -0.79903299999999999 -0.00195685 0.72434699999999996 0.16453099999999998 -0.17053299999999999 1.0800000000000001 -0.22583000000000006 0.0019112700000000001 0.0 0.15710199999999999
70 -0.77058499999999996 0.00021562799999999999 0.24063699999999999 0.15590100000000001 -0.079813699999999987 0.301452 -0.36829699999999999 0.0012586699999999999 0.0 0.15173800000000001
71 -0.79216399999999998 0.0024299399999999998 -0.61358500000000005 0.347329 -0.13084299999999999 1.3412299999999999 -0.21379100000000001 0.00025010199999999998 0.0 0.146231
72 -0.74487499999999984 -0.0012659399999999999 0.38134800000000002 0.153278 -0.124196 0.10313799999999999 -0.22611500000000001 0.00059290500000000002 0.0 0.13950099999999999
73 -0.68968999999999991 2.0566700000000001e-05 -0.52976099999999993 0.207954 -0.105462 1.2706 -0.46057900000000002 0.0010679800000000001 0.0 0.13456099999999999
74 -0.54456199999999999 0.00125505 0.39791799999999999 0.19494500000000001 -0.12423499999999997 1.1061700000000001 -0.24837699999999999 0.00064812400000000003 0.0 0.12895299999999998
75 -0.83607900000000024 0.00090766600000000001 0.081655999999999992 0.43288399999999999 -0.102365 0.44096200000000002 -0.24662799999999999 0.000129505 0.0 0.122798
76 -0.66217899999999996 0.00084148899999999984 0.15701300000000001 0.190141 -0.104515 0.80229300000000003 -0.22031000000000001 0.0040899300000000003 0.0 0.122781
77 -0.70142899999999997 0.000243556 -0.070362600000000011 0.15946400000000002 -0.090030799999999994 0.546095 -0.10642799999999999 0.00072117500000000001 0.0 0.11905399999999999
78 -0.65717999999999999 -0.0049089800000000003 0.75248999999999999 0.34559699999999999 -0.096750799999999998 1.22085 0.0216755 0.00076612700000000002 0.0 0.113658
79 -0.57517200000000002 0.0013373 0.15713299999999999 0.21177599999999999 -0.12753299999999998 0.88401700000000005 -0.52583000000000002 0.0010423299999999999 0.0 0.10369
80 -0.57249399999999995 -8.1726999999999999e-05 -0.44536500000000001 0.15807199999999999 -0.112804 0.36022500000000002 -0.31820700000000002 0.00189718 0.0 0.10025000000000001
81 -0.56806400000000001 0.00088823899999999998 -0.0179986 0.35694300000000001 -0.042860799999999998 2.0043600000000001 -0.13347899999999999 0.00104947 0.0 0.095579300000000006
82 -0.54198800000000003 0.0068573599999999998 0.67438599999999993 1.17117 -0.19152 1.5795699999999999 -0.2019 0.00181953 0.0 0.095418299999999998
83 -0.60954399999999997 0.00054564000000000001 0.51980599999999999 0.21496699999999999 -0.044379400000000006 2.2010200000000002 -0.14218800000000001 0.00036418300000000002 0.0 0.091690699999999986
84 -0.54786000000000001 0.00069474999999999995 0.424454 0.35242299999999999 -0.052771199999999997 1.0443 -0.374054 0.0017581599999999999 0.0 0.083455699999999994
85 -0.64275199999999999 0.00027530600000000001 0.78960600000000003 0.57396999999999998 -0.0494244 1.6888900000000002 -0.22783100000000001 0.00105018 0.0 0.082039199999999993
86 -0.65772600000000003 -0.00096870799999999998 -0.167875 0.33169999999999999 -0.0641621 1.98787 -0.36195300000000002 0.00027878700000000001 0.0 0.080956
87 -0.66831600000000002 1.85205e-05 -0.070950300000000008 0.274899 -0.112951 1.5022799999999998 -0.50858599999999998 9.4963999999999994e-05 0.0 0.066132700000000003
88 -0.53520600000000007 -0.000968833 -0.022256600000000001 0.247916 -0.059370600000000003 0.79844099999999985 -0.13792699999999999 0.0012979599999999999 0.0 0.053150599999999999
89 -0.67805899999999997 6.4757899999999999e-05 0.102396 0.214669 -0.115064 0.30644100000000002 -0.141347 0.00035932300000000004 0.0 0.05293380000000001
90 -0.53636899999999998 0.000438026 0.54241499999999998 0.64596799999999999 -0.147925 1.5545500000000001 -0.20791399999999999 0.00119031 0.0 0.051525199999999993
91 -0.827982 -0.0016089399999999999 0.027805199999999999 0.4689100000000001 -0.159299 2.0014400000000001 -0.27074599999999999 0.0011083899999999999 0.0 0.049089800000000003
92 -0.95935400000000004 -0.00089068000000000003 -0.80524300000000004 1.6531900000000002 -0.17630499999999999 1.7361500000000001 0.038996700000000002 0.00076876799999999997 0.0 0.046825800000000001
93 -0.58076499999999998 0.00016588900000000001 -0.14085300000000001 0.32539800000000002 -0.036437400000000002 1.27738 -0.21107100000000001 0.00049496700000000002 0.0 0.044251100000000002
94 -0.97185699999999997 -0.00047686899999999999 0.38045800000000002 0.29479699999999998 -0.116645 1.2477200000000002 -0.24433600000000005 0.0016678400000000001 0.0 0.037211800000000003
95 -0.91309499999999999 -0.00019923099999999999 0.037911300000000009 1.38903 -0.24181 2.0435500000000002 -0.079803899999999983 1.44205e-06 0.0 0.036977000000000003
96 -0.69525500000000007 -0.00014666700000000001 0.51495900000000006 0.315668 -0.076334600000000002 0.42549399999999998 -0.477684 0.00031057400000000004 0.0 0.031473599999999997
97 -0.71867000000000003 0.00099219399999999985 0.23356099999999999 0.625467 -0.077254100000000006 0.37664599999999998 -0.114116 0.00046276800000000001 0.0 0.013083100000000002
98 -0.63591699999999995 0.00051025799999999998 -0.025683999999999998 0.193749 -0.041772299999999998 0.61272199999999999 -0.18865299999999999 0.00039058799999999998 0.0 0.0086511399999999999
99 -0.78311600000000003 0.00083645200000000001 0.24234 0.233013 -0.087847099999999984 0.86151299999999975 -0.28583500000000001 0.00037354100000000002 0.0 0.0023749499999999998
