1
0.276387
0.232779
0.232779
0.232779
0.296455
0.236371
0.236371
0.165346
0.165346
0.304619
0.165346
1
1
1
0.00875052
0.165346
0.165346
0.165346
0.165346
0.165346
0.135391
0.165346
0.307668
0.365525
0.440318
0.424182
0.424182
1
1
0.335366
0.211669
0.20645
0.20645
0.305096
1
0.524228
0.188367
0.20645
0.402851
0.474411
0.210951
1
0.332736
0.125636
1
0.165346
1
0.165346
1
0.187739
0.0477347
0.165346
0.353559
0.165346
0.207034
0.165346
1
1
0.661036
0.914284
1
1
1
0.930489
0.648885
0.911623
0.911623
0.911623
0.22368
0.144918
1
1
1
0.622233
0.892458
0.906398
1
1
1
1
1
1
0.320576
1
1
1
0.387948
0.387948
0.680798
0.231177
0.5229
0.231177
0.231177
0.231177
0.447737
1
0.595578
0.285186
0.401904
1
1
0.137754
0.0648675
0.0574757
0.0648675
0.160093
0.0271204
1
0.208187
0.562133
1
1
0.647328
1
1
0.293238
1
1
0.854518
1
0.47369
0.944227
0.854418
1
1
0.975641
0.645511
1
0.579205
0.918708
1
0.978638
0.912228
0.833825
0.787538
0.833825
0.77743
1
0.833825
0.615038
0.717247
0.25051
1
1
1
1
1
1
1
0.693284
1
1
1
0.693284
1
1
1
1
0.928661
0.928661
0.882214
1
1
1
1
1
1
1
1
1
1
0.874136
0.875212
1
1
1
1
1
1
0.473651
0.473651
0.414235
0.473651
0.810563
0.473651
0.436347
0.270605
0.0805187
0.214682
0.582416
0.295905
0.596471
0.363197
0.363197
1
0.808001
0.938308
0.375003
0.375003
1
0.716341
0.587082
0.877511
0.350256
0.350256
1
0.74766
0.350256
0.525901
0.370685
1
0.975482
1
1
0.692861
0.172032
1
0.244824
1
1
1
0.767407
0.767407
0.714125
1
0.767407
0.342526
0.818025
0.30076
0.900433
0.818025
0.369633
0.590498
0.396554
0.396554
1
0.396554
0.228875
0.398428
0.191745
0.396554
0.429008
0.889238
0.619608
1
1
0.437765
0.697151
1
0.232
1
1
0.806044
0.697151
0.456909
0.697151
1
0.648484
0.298494
1
0.767616
0.7145
0.767616
0.918961
0.717814
0.767616
0.791883
0.717814
0.767616
0.907057
0.749823
1
0.749823
0.749823
0.534672
1
0.760237
0.144918
0.88868
0.468777
0.711469
0.67327
0.580224
1
1
0.524905
0.669744
0.809697
0.176152
0.841653
0.841653
0.841653
0.961428
0.841653
0.841653
0.717166
0.749823
0.749823
0.516172
0.93139
0.957292
0.382999
0.335147
0.363178
1
0.363178
0.363178
0.218138
1
0.072014
0.903507
1
0.439549
0.956885
1
0.864023
0.763414
1
0.0681857
0.888331
0.881791
0.417227
0.493839
0.493839
0.493839
0.493839
0.493839
1
0.548093
0.218727
0.158008
0.451883
0.548093
0.548093
0.548093
0.398083
0.417227
0.213253
0.369575
0.742348
0.417227
0.702219
0.666026
0.780272
0.951446
1
0.666026
0.846607
0.666026
0.435261
0.666026
0.175487
0.666026
0.737242
0.666026
0.666026
0.808504
0.666026
0.72996
0.432404
1
0.924306
0.35456
0.35456
1
1
0.102865
1
0.137754
0.192506
1
0.178232
0.330675
0.142444
0.513901
0.48505
0.102865
0.142444
0.400932
0.83015
1
0.685261
0.685261
0.925606
0.264887
0.579768
0.0392529
0.0392529
0.395758
0.370672
0.464286
0.297025
0.23288
0.338895
0.338895
1
0.316731
0.680465
0.311462
0.461505
0.399013
0.461505
0.728416
0.728416
1
0.626473
0.326743
1
0.254883
0.314705
0.727936
0.419841
0.541341
0.644131
0.254883
0.254883
0.14426
0.481827
0.706099
0.301175
0.344832
0.442961
1
0.376595
0.306018
0.344832
0.569481
0.344832
0.30808
0.344832
0.344832
0.780249
0.301175
0.387764
0.307875
0.571553
0.526874
1
0.569481
0.649424
0.84512
0.526874
0.344832
0.336276
0.302131
1
0.478579
0.314581
0.344832
0.309113
0.344832
0.429922
0.387764
0.350162
0.0715647
0.344832
0.344832
0.574535
0.14095
0.0704338
0.108329
0.135664
0.364655
1
0.431687
1
0.377415
1
0.96208
1
0.782758
1
0.249794
0.947486
1
0.968545
0.328238
0.404293
0.368098
1
1
1
1
0.291324
0.291324
0.827205
0.291324
0.825598
0.36809
1
1
0.385533
0.250444
0.340011
0.307596
1
0.345611
0.391381
0.291324
0.791279
0.791279
0.727936
0.727936
0.79757
0.327863
0.794745
0.732382
0.627283
0.627283
0.477638
0.100338
0.861779
0.184914
0.627283
0.192137
0.581569
0.379262
0.581569
0.581569
0.151331
0.581569
0.349948
0.35352
0.581569
0.705862
0.581569
0.557225
0.52096
0.285179
0.796385
0.581103
0.219508
0.285179
0.517231
0.286655
0.672271
0.701492
0.249562
0.432706
0.77313
0.381479
0.381479
0.59017
0.368731
0.368731
0.368731
0.354126
0.305135
1
0.452185
0.412107
1
0.249031
0.305135
0.23576
1
0.151503
0.305135
0.319958
1
0.240492
0.31001
0.31001
1
1
0.445076
1
0.251086
0.445076
0.105135
0.430048
0.445076
0.434039
0.417227
0.417227
0.274411
0.821188
0.405928
0.330986
1
0.887642
0.849237
0.269363
0.631604
0.269363
0.924777
0.23357
0.370933
0.749827
0.626024
0.756012
1
0.413552
0.291366
0.209821
0.749827
0.291366
1
0.223519
0.468298
0.389047
0.278666
0.0681573
0.353497
0.353497
0.353497
0.315182
0.248709
1
0.393006
0.248709
0.393006
0.451988
0.172166
1
0.248709
0.486249
0.314487
0.446025
0.76659
0.76659
0.422444
0.422444
0.396136
0.215267
0.422444
1
1
1
1
1
0.626551
0.626551
0.626551
0.626551
0.626551
0.749132
0.134491
1
0.221759
0.173066
0.526495
0.490694
0.649361
0.490285
0.173066
0.313816
0.507501
0.179322
0.179322
0.223875
0.376489
0.0971612
0.143753
0.23138
0.23138
0.214682
0.303992
0.0132865
0.150925
0.445076
0.283581
0.261082
0.352363
0.474758
0.489716
0.126207
1
0.179322
0.332066
0.178863
0.195193
0.332066
0.33943
0.179322
0.179322
0.207869
0.552578
0.176504
0.301072
0.23138
0.23138
0.221536
0.0709072
0.280099
0.563905
0.17076
0.564948
0.17076
0.217814
0.17076
1
0.285423
0.327708
1
0.128487
0.17076
0.484391
0.228707
0.441039
0.311203
0.32842
0.300639
0.28744
0.32842
0.106003
0.493839
0.273425
0.294878
0.470048
0.178232
0.178232
0.732822
0.453465
0.701657
0.721663
0.596143
0.596143
0.596143
0.178232
0.203095
0.203095
0.0885185
0.457711
0.373613
0.634127
0.634127
0.608153
1
1
0.816106
1
0.347313
1
0.950334
0.624728
1
1
0.35456
0.327509
0.327509
0.578475
0.368832
0.0772104
0.191748
0.228178
0.348697
0.389161
0.635324
0.402541
0.255113
0.268827
0.348697
0.349514
0.348697
0.125754
0.968525
0.267674
0.348697
0.279572
0.715822
0.807963
0.632055
0.632055
0.674213
0.868977
0.801426
0.765479
0.632055
0.632055
0.294377
0.443993
0.517327
0.584306
0.222516
0.641806
0.351733
0.373807
0.641806
0.841747
0.818735
0.818735
1
0.320645
1
1
0.25672
0.85976
0.85976
1
1
0.100033
1
0.853206
0.853206
0.853206
0.174365
0.156946
0.175656
0.0561004
0.23138
0.566262
0.271627
0.159452
0.296892
0.251743
0.159452
0.159452
1
0.349201
0.299173
0.322769
0.474758
0.162285
0.599321
0.230424
0.0901776
0.162285
0.306367
0.276541
0.276541
1
0.276541
0.423821
0.276541
0.362803
0.362803
0.150808
1
1
0.182085
0.226779
0.353887
0.268008
0.0641741
0.192236
0.192236
0.476586
0.173504
0.542829
0.504376
0.535547
0.578475
0.562567
0.562567
0.17076
0.426188
0.18865
0.18865
0.320111
0.289445
0.175266
0.18865
1
0.477791
0.299173
0.457038
0.466111
0.580999
0.977682
0.533106
0.518202
0.533106
0.34809
0.34809
0.171313
0.355886
0.290751
1
0.288253
0.400601
0.288253
0.300577
0.288253
0.020186
0.400601
0.305658
0.397624
0.307248
0.2783
0.65363
0.34878
0.0855747
-0.00837628
0.314208
0.217113
0.468619
0.468619
-0.00822827
0.243513
0.260176
0.287851
0.563643
0.563643
0.65028
0.0631625
0.563643
1
0.76596
0.453465
0.320011
0.320011
0.320011
0.261333
0.320011
0.382006
0.320011
0.0664221
0.257689
0.0585603
0.0664221
0.445076
0.288253
1
0.288253
0.30128
0.159509
0.180726
0.159509
0.159509
0.0875278
0.391118
0.113318
0.113318
0.193471
0.0807658
0.0882358
0.0312237
0.298494
0.113318
0.748745
0.0987465
0.279914
0.113318
0.70055
0.70055
1
0.598695
0.509229
0.714212
0.70055
0.812498
0.316711
0.580824
0.784256
0.380656
0.230269
0.389047
0.70055
1
1
0.70055
0.70055
0.50345
0.102363
0.465895
0.669848
0.102363
0.102363
-0.00841636
0.0459101
0.117344
0.120059
0.755386
0.118787
0.478371
0.229586
0.120059
0.247248
0.00340139
0.294199
0.202701
0.173276
0.396055
0.83418
0.215038
0.511109
0.271433
0.271433
0.0986658
0.293441
0.271433
0.271433
0.219352
0.290997
0.271433
0.428226
0.271433
0.284786
0.111054
0.282751
0.202701
0.0727948
0.441803
0.349497
0.265047
0.599813
1
0.441361
0.389599
0.273969
0.110524
0.273969
0.613266
0.613266
0.62673
0.542042
0.273411
0.273411
0.273411
0.331821
0.60172
0.184172
0.331821
0.544982
0.412107
0.264046
0.618699
0.0230792
0.580708
0.0230792
0.0230792
0.114493
0.608156
0.392851
0.103264
0.266671
1
0.542018
0.602654
1
1
1
0.932306
1
1
0.897984
0.95572
0.918341
1
1
0.417753
1
0.92255
0.294338
1
0.150808
0.304523
0.206496
0.28943
0.287399
0.0540605
0.0896897
0.134183
0.0936899
0.0936899
0.0936899
0.366008
0.0936899
0.123902
0.110245
1
0.0992997
0.277862
0.866745
0.866745
0.97193
0.944477
0.944477
0.260733
0.274411
0.180904
0.669724
0.934715
1
0.0349686
0.0649366
0.0349686
0.0351136
0.0308447
0.0835361
0.268161
0.268161
0.392998
0.268161
0.268161
0.413425
0.112175
0.268161
1
0.225141
0.159598
0.357397
0.145845
0.193187
0.20903
0.223285
0.276685
0.118082
0.0408869
0.0789156
0.156946
0.088538
0.620974
0.0188996
0.156946
0.929241
0.294741
0.232602
0.327383
0.327383
0.327383
0.22809
0.73774
0.327383
0.327383
0.327383
0.456807
1
0.345816
0.327383
0.327383
0.836855
0.836855
0.327383
1
0.106287
0.328926
0.328926
0.169393
0.105993
0.680013
0.203095
0.328926
0.413393
0.328926
0.203095
0.283225
0.25285
0.16909
0.328926
0.328926
0.174201
0.667644
0.277896
0.234381
0.328926
0.0852233
0.784424
0.328926
0.0420365
0.249215
0.328926
0.150026
0.328926
0.249215
0.0280946
0.0953523
0.0257831
0.0953523
0.477919
0.254122
0.254122
0.254122
0.254122
0.22165
0.19019
0.242052
0.16935
0.420811
1
0.37031
0.238718
0.0114624
0.375406
0.0487674
0.218732
0.258598
0.191715
0.191715
0.134183
0.214569
0.191715
0.343444
0.154479
0.439683
0.542829
0.154479
0.154479
0.187492
0.316996
0.860982
0.177536
0.271393
0.903507
0.0505896
0.144594
0.0151089
0.313932
0.235449
-0.0073133
1
0.539668
0.107586
1
0.433321
0.17076
0.604507
0.17076
0.327469
0.399426
0.172134
0.934715
0.370672
0.143753
0.236184
0.17076
0.288639
0.17076
0.404666
0.101152
0.152349
0.200922
0.101152
0.0543501
0.180289
0.162314
0.211721
0.0543501
0.226114
0.151315
0.226114
0.0223411
0.142008
1
0.265922
0.226114
0.698778
0.953573
0.190206
0.286367
0.0766581
1
0.173593
0.286367
0.570257
0.626372
0.319019
0.580268
0.636203
0.626372
0.593158
0.29658
0.626372
0.589518
0.626372
0.11051
0.618872
0.626372
0.308852
0.477458
0.36993
0.514153
0.389599
0.375339
0.426223
0.361563
0.671185
0.447806
0.40766
0.271762
0.271762
0.38235
0.3464
0.0843356
0.140193
0.340716
0.409054
0.405519
0.374225
0.499226
0.587153
0.295976
0.429292
0.429292
0.120667
0.354419
0.429292
0.514529
0.503936
0.514529
0.413966
0.132775
0.270808
0.256678
0.214009
0.132775
0.369619
0.325707
0.296901
0.548093
0.0412255
0.296901
0.296901
0.283965
0.106556
0.343408
0.448591
0.856696
0.372891
1
0.749052
0.448591
0.448591
0.352809
0.421629
0.523592
0.489772
0.31034
0.31034
0.183154
0.675522
0.0831879
0.214274
0.214682
0.0289967
0.101152
0.169521
1
0.101152
-0.00709593
0.246924
0.97193
0.211275
0.0227367
1
0.0881975
0.606285
0.0543501
0.0892621
0.0543501
0.599321
0.202813
0.0459101
0.282333
0.391451
1
1
0.836904
0.720445
0.846969
0.677432
0.721663
0.626551
0.626551
0.626551
1
0.934715
0.296888
0.197303
0.242052
0.230347
0.614877
0.167701
0.614877
0.614877
0.0473054
0.364342
0.508678
0.248749
0.614877
0.546935
0.254475
0.316107
0.614877
0.649458
0.625432
0.653959
0.649458
0.750526
0.575624
0.18865
0.18865
0.18865
0.18865
0.126207
0.322838
0.254794
0.282729
0.199767
0.272373
0.397367
0.397367
0.303964
0.379284
0.224963
0.397367
0.254678
0.337875
0.304229
0.111707
0.0745613
0.33287
0.156946
0.25145
0.247248
0.164565
0.247248
0.283997
0.230634
0.247248
0.325616
0.281827
0.111095
0.281827
0.618219
0.289263
0.301853
0.344603
0.369202
0.397591
0.202701
0.202701
0.216799
0.186859
0.541917
0.195243
0.214682
0.514116
0.215038
0.440164
0.215038
0.215038
0.271358
0.524133
0.298196
0.227398
0.210817
0.146348
0.215038
0.215038
0.379483
0.202701
0.230867
0.202701
0.237366
0.372346
0.161086
0.202701
0.142465
0.251896
0.0559684
0.12922
0.251522
0.389081
0.202701
0.0211458
0.00794825
0.903507
0.202701
0.542236
0.215038
0.307334
0.300908
0.300908
0.300908
0.288452
0.288452
0.422257
0.316967
0.0763187
0.596143
0.577091
0.192084
0.0673872
0.0673872
0.152523
0.437452
0.288452
0.951633
0.373963
1
0.0421871
0.0168567
0.109771
1
0.0526536
0.241652
0.162141
0.283509
0.164609
0.409422
0.128547
0.110745
0.132476
0.0131219
0.224077
0.132476
0.224077
0.11484
0.180337
0.724283
0.207245
0.457979
0.457979
0.345314
0.124653
0.0564639
0.523834
0.105266
0.391118
0.539783
0.0226739
0.112246
0.32477
0.38025
0.38025
0.567561
0.371722
0.0128036
0.0128036
0.801954
0.373015
0.166198
0.504376
0.342216
0.342216
0.134183
0.318043
0.944477
0.429777
0.342216
0.342216
0.145502
0.187115
0.548093
0.304919
0.170039
0.170039
0.170039
0.170039
0.0850625
0.0850625
0.0850625
0.0850625
0.0944495
0.956365
0.220948
0.0850625
0.599156
0.655151
0.0978969
0.327383
0.438281
0.673818
0.533126
0.256315
0.345816
0.100133
0.258919
0.389181
0.258919
0.420788
0.337409
0.337409
0.819029
0.819029
0.819029
0.698375
0.33271
0.819029
0.922682
0.929594
0.56444
0.447427
0.376922
0.483046
0.483046
0.0444115
0.836883
0.358657
0.0586595
0.358657
0.816773
0.284943
0.284943
0.284943
0.347999
0.829512
0.297873
0.828188
0.806836
0.184201
0.184201
0.184201
0.411283
0.573938
0.184201
0.184201
1
1
1
0.159394
0.0543501
0.0543501
0.0543501
0.13111
0.903507
0.296916
0.0825998
0.0825998
0.228271
0.359743
0.359743
0.161244
0.256681
0.175558
0.234555
0.175558
0.178128
0.38025
-0.00602307
0.148545
-0.00610342
-0.00602307
-0.00602307
0.0697795
0.0289136
0.396554
0.396554
0.409929
0.254933
0.528666
0.636996
0.32587
0.528666
0.59185
0.235601
0.89707
0.399786
0.216276
0.399786
0.399786
0.0858106
0.577671
0.399786
0.399786
0.173618
0.102421
0.102421
0.294122
0.102421
0.387451
0.228798
0.339625
0.320372
0.387132
0.228798
0.228798
0.477458
0.148976
0.224874
0.305658
0.258381
0.292709
0.0676382
0.0676382
0.0510596
0.0994413
0.0994413
0.0994413
0.266577
0.34621
0.132945
0.254513
0.276288
0.300645
0.363438
0.300645
0.300645
0.300645
0.300645
0.299733
0.87417
0.544952
0.345379
0.630785
0.0603103
0.0603103
0.0465396
0.0601703
0.133028
0.047068
0.830134
0.830134
0.123453
0.0599885
0.422466
0.00617139
0.371493
0.364135
0.371493
0.348138
0.282592
0.266237
0.170758
0.362065
0.194776
0.102581
0.135955
0.0123082
0.164592
0.0323828
0.00301266
0.193938
0.19055
0.0316174
0.139987
0.19055
0.128225
0.182056
0.184934
0.165054
0.312537
0.182056
0.107567
0.307248
0.20067
0.437091
0.730358
0.730358
0.949742
0.564946
0.551679
0.64594
0.506444
0.555227
0.790454
0.354292
0.131376
0.131376
0.122756
0.191715
0.220869
0.220869
0.347126
0.145246
0.251803
0.25204
0.203632
0.970662
0.747296
0.0953523
0.349441
0.121575
0.121575
0.136944
0.301879
0.849996
0.946997
0.528365
0.427366
0.530715
0.486214
0.277026
0.0846528
0.434186
0.159042
0.118933
0.083011
0.161569
0.970662
0.161569
0.354959
0.161569
0.391757
0.349619
0.391757
0.382009
0.087427
0.299745
0.221129
0.299745
0.299745
0.144979
0.361258
0.351874
0.1858
0.573069
0.15093
0.255587
0.189886
0.628634
0.866504
0.573069
0.126181
0.0987168
0.198618
0.975482
0.250991
0.505618
0.133553
0.393681
0.305305
0.398085
0.0499374
0.417742
0.0499374
0.0226739
0.239102
0.736731
0.685566
0.255503
0.434186
0.255503
0.255503
0.101084
0.287567
0.506349
0.537506
0.598744
0.154479
0.146628
0.0800246
0.114345
0.160476
0.297878
0.211423
0.517642
0.121183
0.121183
0.224874
0.224874
0.770529
0.375527
0.450746
0.514831
0.595457
0.200612
0.26744
0.213711
0.224874
0.165906
0.396554
0.396554
0.332071
0.396554
0.377415
0.377415
0.377415
0.282005
0.377415
0.208691
0.807841
0.76095
0.377415
0.30606
0.170039
0.170039
0.170039
0.170039
0.170039
0.12144
0.265772
0.170039
0.227929
0.0978399
0.520375
0.311952
0.311512
0.206113
0.204712
0.397622
0.183528
0.224144
0.952559
0.0598094
0.045924
0.339856
0.228369
0.247616
0.0774081
0.152217
0.158858
0.39701
0.0249832
0.106176
0.106271
0.0249832
0.00806641
0.347999
0.0444908
0.204712
0.204712
0.198693
0.916096
0.162092
0.180499
0.220543
0.220869
0.0127677
0.300901
0.220869
0.0619933
0.147688
0.0905956
0.166511
0.0973959
0.315717
0.115534
0.0905956
0.0905956
0.0905956
0.0905956
0.196787
0.0523329
0.0827888
0.0905956
0.373015
0.203632
0.40722
0.186962
0.203632
0.0954459
0.313313
0.515516
0.372504
0.439097
0.234809
0.102241
0.525308
0.121182
0.100279
0.27673
0.0633845
0.386949
0.0841018
0.0286889
0.276288
0.0479407
-0.00687406
-0.00687406
-0.00687406
0.18257
0.422527
0.422527
0.422527
0.422527
0.422527
0.422527
0.480162
0.394767
0.0827888
0.127656
0.414187
0.414187
0.446892
0.0691557
0.123869
0.079834
0.116974
0.0466589
0.0466589
0.0100757
0.108102
0.0466589
0.277221
0.286265
0.0466589
0.261496
0.125137
0.204994
0.0789156
0.119432
0.480726
0.119432
0.00574555
0.0775085
0.150694
0.308066
0.186626
0.186626
0.236583
0.295713
0.0304359
0.297854
0.233804
0.396304
0.320821
0.58597
0.58597
0.29299
0.596695
0.58597
0.612175
0.224878
0.223367
0.118422
0.035151
0.12125
0.742713
0.0712519
0.132737
0.110657
0.110657
0.439661
0.25821
0.356376
0.31687
0.356376
0.356376
0.356376
0.151606
0.862181
0.251994
0.267773
0.400926
0.356376
0.205298
0.283648
0.201221
0.014232
0.215497
0.717364
0.950562
0.0501124
0.0501124
0.0501124
0.32085
0.0501124
0.90477
0.00654462
0.0609034
0.328926
0.329193
0.289328
0.770272
0.289328
0.675351
0.289328
0.32024
0.265782
0.0101254
0.511104
0.115977
0.115977
0.197934
0.197934
0.0896325
0.538647
0.204978
0.403628
0.603445
0.0378841
0.276185
0.506349
0.219137
0.537506
0.719761
0.274973
0.465359
0.465359
0.371493
0.255644
0.234891
0.447787
0.0698704
0.0375461
0.447787
0.514153
0.206325
0.354292
0.354292
0.128683
0.439661
0.198519
0.194834
0.194834
0.023325
0.023325
0.123729
0.0396177
0.0396177
0.0396177
0.254238
0.154961
0.6629
0.193658
0.345862
0.154961
0.251569
-0.00693407
0.162849
0.154961
0.0392353
0.264325
0.0392353
0.0392353
0.0392353
0.198172
0.418155
0.064559
0.391709
0.28439
0.422527
0.12165
0.0830891
0.403333
0.422527
0.235072
0.135788
0.0958058
0.385601
0.0657862
0.620974
0.0175403
0.0657862
0.0657862
0.0527968
0.0657862
0.0657862
0.0657862
0.0657862
0.0112667
0.177414
-0.00955681
-0.00955681
0.30402
0.749112
0.862181
0.474758
0.0153766
0.205298
0.205298
0.282868
0.083343
0.083343
0.383428
0.231292
0.040738
0.231292
0.231292
0.146445
0.156769
0.350337
0.146815
0.0676382
0.346197
0.208886
0.346197
0.0291831
0.136738
0.346197
0.164728
0.266232
0.329158
0.854763
0.869702
0.309692
0.329158
0.329158
0.310149
0.310149
0.059217
0.0230322
0.365538
0.267878
0.059217
0.059217
0.059217
0.267669
0.00262773
0.0267347
0.271393
0.00262773
-0.00615379
0.00262773
0.118933
3.19386e-06
0.136319
0.136319
0.00721354
0.0421705
0.109965
0.337607
0.362597
3.19386e-06
0.34583
-0.00689243
0.097939
0.00994338
0.00994338
0.386705
0.283411
0.00994338
3.19386e-06
0.0497787
0.33689
0.163059
0.961055
0.927084
0.126893
0.927084
0.241511
0.260789
0.259915
0.259915
0.259915
0.495362
0.102524
0.389615
0.159402
0.185837
0.104733
0.331774
0.185837
0.439097
0.185837
0.251027
0.391962
0.220333
0.220333
0.897727
0.220333
0.531171
0.317908
0.301067
0.58597
0.170466
0.0134353
0.0631623
0.638929
0.049404
0.0325978
0.030503
0.030503
0.150345
0.0364975
-0.00635893
0.0250836
0.0126817
0.0250836
0.0250836
0.127118
0.00865582
0.0542913
0.18654
0.177834
0.00670754
0.45563
0.0250836
0.0250836
0.0250836
0.0250836
0.824556
0.0360601
0.0566471
0.203513
0.00865582
0.0821981
0.137276
0.0250836
0.119134
-0.0077102
0.0250836
0.0737768
0.11917
0.076791
0.076791
0.076791
0.076791
0.135944
0.710551
0.147421
0.205286
0.076791
0.630785
0.194676
0.0238079
0.066455
0.0238079
0.0683591
0.0741578
0.111033
0.308561
0.0475475
-0.0046766
0.11971
0.00593323
0.305135
0.0843911
0.0520957
0.289223
0.137576
0.151486
0.229099
0.301067
0.229099
0.508442
0.0296679
0.0296679
0.0296679
0.0456002
0.223367
0.0296679
0.0347649
0.0292783
0.0296679
0.223367
0.0254623
0.190825
0.118422
0.0954459
0.0434234
0.238656
0.0954459
0.212449
0.151676
0.0520957
0.223866
0.0520957
0.267878
0.196443
0.0520957
0.223866
0.0520957
-0.00765795
0.030503
0.030503
0.10436
0.131845
0.0175152
0.0724363
0.030503
0.0486137
0.030503
0.030503
0.418419
0.133682
0.193768
0.143667
0.10436
0.371536
0.1752
0.367561
0.299855
0.0931282
0.0238079
0.193768
0.0134353
0.0134353
0.00191995
0.134602
0.1752
0.390719
0.41243
0.1752
0.309205
0.465181
0.32148
0.1752
0.293414
0.417398
0.423555
0.143227
0.229099
0.175404
0.58597
0.381013
0.244539
0.340473
0.0250836
0.208981
0.076791
0.076791
0.288317
0.87102
0.195416
0.173505
0.368538
0.076791
0.116978
0.0926838
0.270316
0.307058
0.076791
0.142295
0.194676
0.116426
0.076791
0.307058
0.113336
0.076791
0.076791
0.171524
0.141379
0.155606
0.0484195
0.10436
-0.00955681
0.0774081
0.0774081
0.0774081
0.131655
0.0774081
0.341305
0.465181
0.169591
0.341764
0.310964
0.381728
0.169591
0.514831
0.311101
0.897727
0.169591
0.169591
0.220116
0.0631059
0.315725
0.289837
0.423616
0.303684
0.303493
0.335411
0.361883
0.38682
0.208636
0.0958058
0.0958058
0.222252
0.0414145
0.0958058
0.0958058
0.0204401
0.111142
0.0681994
0.0681334
0.0958058
0.022854
0.022854
0.022854
0.462133
0.25929
0.367561
0.292925
0.292925
0.134646
0.253611
0.397207
0.253611
0.547563
0.237854
0.253611
0.253611
0.310195
0.031208
0.308798
0.373297
0.355941
0.249011
0.260452
0.288296
0.422801
0.377402
0.377402
0.289837
0.313508
0.178716
0.289867
0.377402
0.377402
0.374587
0.352255
0.257343
0.724283
0.16246
0.479542
0.525564
0.0361581
0.171203
0.17895
0.854617
0.311024
0.226722
0.643355
0.110604
-0.00922522
0.0856869
0.00489047
0.0217626
0.151486
0.0217626
0.0774081
0.0289845
-0.00591886
0.0598094
0.0598094
0.071426
0.0222512
0.26297
0.0222512
0.0601703
0.104118
0.298969
0.0223692
0.0508643
0.0508643
0.436333
0.0508643
0.11505
0.127945
0.344566
0.479121
-0.00896565
0.0508643
0.085101
0.12179
0.0798659
0.0856869
0.320016
0.0222512
0.118294
0.0222512
0.247475
0.0222512
0.824556
0.0222512
0.301121
0.035193
0.0222512
0.101596
0.155618
0.0254589
0.0254589
0.0254589
0.0254589
0.116041
0.0254589
0.0819839
0.0254589
0.103232
0.00992116
0.119291
0.0254589
0.0720935
0.0508643
0.390688
0.0508643
0.000775215
0.0508643
0.18963
0.0254589
0.0254589
0.38871
0.247473
0.0440314
0.0597204
0.0144501
0.0223692
0.0223692
0.638929
0.0767089
0.0508643
0.0845948
0.072582
0.0508643
0.0842486
0.0508643
0.323838
0.252427
0.0508643
0.056714
0.249875
0.0508643
0.107949
0.6629
0.337984
0.00172049
0.0967918
0.101972
0.022726
0.297399
0.292217
0.238619
0.297399
0.0933604
0.850134
0.763468
0.274682
0.096759
0.0355809
0.790454
0.173891
0.0267696
0.205763
0.313374
0.146519
0.10865
0.267136
0.208809
0.307058
0.286367
0.324106
0.425949
0.556237
0.0566068
0.424066
0.484921
0.562544
0.267878
0.0868834
0.165304
0.307058
0.396456
0.307058
0.388733
0.190396
0.248367
0.287567
0.13811
0.289837
0.200832
0.248327
0.728416
0.254459
0.438374
0.224879
0.433969
0.331606
0.0268509
0.307367
0.658412
0.297399
0.0657862
0.0657862
0.035151
0.362597
0.101563
0.140109
0.0676382
0.0958624
0.114422
0.421055
0.0657862
0.10594
0.0940313
0.242843
0.480162
0.074464
0.165589
0.165589
0.346733
0.124892
0.342558
0.121946
0.0774081
0.255385
0.319143
0.121946
0.110604
0.0182409
0.45563
0.110604
0.0957419
0.0641522
0.0647154
0.227334
0.121946
0.350071
0.00741792
0.135759
0.159151
0.121946
0.187912
0.0342863
0.0423903
0.0738378
0.249799
0.121946
0.0806021
0.121946
0.121946
0.00197163
0.121946
0.0420997
0.191138
0.191138
0.191138
0.223144
0.435633
0.3915
0.136636
0.205298
0.205298
0.279582
0.405065
0.382415
0.418414
0.206431
0.155668
0.0918569
0.335886
0.155668
0.204633
0.0918569
0.26495
0.0918569
0.488692
0.0453722
0.538647
0.0325624
0.449976
0.0479242
0.089773
0.0565227
0.10865
0.281481
0.10865
0.10865
0.0940313
0.10865
0.0681536
0.0681536
0.387132
0.0681536
0.104632
0.0285362
0.0441444
0.0441444
0.10865
0.583044
0.310795
0.174179
0.0547038
0.260822
0.114887
0.282035
0.114887
0.00396322
0.192896
0.247514
0.0545175
0.192896
0.140837
0.140837
0.224038
0.19733
0.232965
0.274196
0.12167
0.277181
0.12167
0.176288
0.194784
0.229481
0.257563
0.452145
0.359303
0.434947
0.578187
0.0873047
0.353476
0.303662
0.232588
0.232588
0.354721
0.232588
0.185736
0.0565227
0.0183071
0.247551
0.228183
0.198932
0.101288
0.332928
0.332928
0.332928
0.89707
0.242097
0.060759
0.209284
0.136145
0.0824406
0.429292
0.26845
0.0798676
0.0798676
0.0798676
0.0798676
0.262648
0.0800239
0.0800239
0.355825
0.0226154
0.146751
0.0226154
0.0226154
0.0761801
0.349441
0.130862
0.240237
0.176412
0.326445
0.00616308
0.0160715
0.439016
3.19386e-06
0.0925362
0.0509768
0.123072
0.0707627
3.19386e-06
0.120667
0.162141
0.0217626
0.0604595
0.0217626
0.12952
0.0217626
0.27938
0.0430424
0.0745909
0.0623362
0.0623362
0.261758
0.0623362
0.0928949
0.308027
0.0928949
0.167751
0.0928949
0.0928949
0.134092
0.0800239
0.0928949
0.277726
0.214019
0.167751
0.0636326
0.152526
0.0930742
0.455052
0.152526
0.0343832
0.922682
0.508776
0.435172
0.463581
0.0314963
0.376182
0.115743
0.0921815
0.347029
0.412138
0.314502
0.190683
0.20067
0.300239
0.00410639
0.174092
0.0924641
0.273574
0.002007
0.273574
0.117875
0.117875
0.117875
0.056148
0.259573
0.259573
0.200648
0.213678
0.276276
0.0988823
0.147213
0.308555
0.349902
0.259573
0.23012
0.190825
0.152575
0.0595441
0.152575
0.00597762
0.235858
0.235858
0.232618
0.199289
0.00556634
0.16109
0.101155
0.0511727
0.893796
0.0812981
0.375233
0.0812981
0.0812981
0.0789904
0.153856
0.14912
0.0238079
0.0336849
0.136545
0.0238079
0.099438
0.283975
0.0134353
0.039552
0.152387
0.124727
0.0916404
0.0134353
0.105602
0.092549
0.174744
0.184075
0.0919128
0.420797
0.0484195
0.0484195
0.0983842
0.538647
0.0650473
0.552064
0.26297
0.00865582
0.0445582
0.0327926
0.0559155
0.0862622
0.0410853
0.0757907
0.0250836
0.295941
0.0250836
0.177414
0.030503
0.0583495
0.0632933
0.0484195
0.623147
0.0150494
0.273574
0.281078
0.174576
0.125341
0.172179
0.0484195
0.0484195
0.866745
0.0484195
0.444128
-0.000829693
0.292925
0.1752
0.1752
0.1752
0.360587
0.1752
0.432512
0.40258
0.1752
0.159402
0.344431
0.13084
0.254785
0.205411
0.202825
0.977682
0.354636
0.22298
0.231389
0.102606
0.127586
0.0382935
0.030503
0.030503
0.030503
0.0283429
0.030503
0.0561801
0.194834
0.0503969
0.030503
0.0223692
0.0223692
0.217121
0.0582826
0.0223692
0.0223692
0.0866772
0.0223692
0.0849959
0.114006
0.144509
0.0445582
0.0804017
0.0222512
0.0633064
0.0931918
0.180294
0.0047234
0.128337
0.139945
0.202604
0.245014
0.0787838
0.0291563
0.211401
0.143184
0.0291563
0.247026
0.0291563
0.35358
0.0332585
0.191745
0.265848
0.35358
0.207364
0.0510692
0.35358
0.397941
0.119432
0.160309
0.407788
0.41974
0.375903
0.364894
0.0981073
0.381013
0.0301905
0.396558
0.158783
0.35358
0.45617
0.461276
0.243862
0.0512453
0.35358
0.435703
0.352618
0.377521
0.377521
0.377521
0.215658
0.322677
0.445082
0.172423
0.334297
0.176575
0.217752
0.00799497
0.00444457
0.267895
0.112551
0.217752
0.217752
0.217752
0.08608
0.242308
0.250839
0.196289
0.624243
0.0798886
0.161392
0.684168
0.0884159
0.637876
0.184896
0.684168
0.434633
0.432706
0.193957
0.362065
0.362065
0.22322
0.362065
0.293361
0.418563
0.293361
0.305476
0.305476
0.332928
0.265385
0.244461
0.332928
0.335327
0.335327
0.122349
0.303614
0.0669487
0.0700468
0.349274
0.290782
0.144509
0.101039
0.0781093
0.0223692
0.0774081
0.128432
0.0539835
0.0774081
0.135263
0.0774081
0.0318735
0.0662299
0.638929
0.29327
0.0313812
0.0041714
0.17504
0.366613
0.17504
0.0978399
0.0978399
0.0978399
0.538647
0.141194
0.0605218
0.0774081
0.0895493
0.0967406
0.379089
0.129301
0.143602
0.229838
0.195054
0.107567
0.116183
0.410574
0.17294
0.10768
0.15867
0.420811
-0.00727457
0.128523
0.0978399
0.0933878
0.0855409
0.30745
0.146247
0.0933878
0.055125
0.0933878
-0.00946246
0.0329806
0.174105
0.174105
0.0802048
0.0796024
0.174105
0.174105
0.0625309
0.0524031
0.0524031
0.0261425
0.0524031
0.0651696
0.128937
0.949742
0.0524031
0.230192
0.0524031
0.0524031
0.0655244
0.0524031
0.0524031
0.0765026
0.172478
0.124431
0.22696
-0.00793352
0.0784614
0.189328
0.292359
0.116262
0.411761
0.0526608
0.0490186
0.0490186
0.00973671
0.0388645
0.26903
0.447787
0.447787
0.520475
0.0413851
0.193957
0.193957
0.193957
0.24174
0.0283816
0.0420579
0.193957
0.199695
0.193957
0.32078
0.362065
0.148156
0.195861
0.369831
0.0678909
0.00217191
0.00217191
0.135656
0.135656
0.13394
0.520475
0.13394
0.13394
0.138451
0.227372
0.224512
0.031726
0.138451
0.148677
0.0199487
0.0847093
0.0199487
0.182288
0.333921
0.0199487
0.00356452
0.00456826
0.0524031
0.148677
0.0711718
0.115203
0.0371746
0.0358872
0.139156
0.0199487
0.224697
0.0236354
0.124413
0.0781093
0.383348
0.126832
0.0888103
0.0591274
0.0358872
0.0358872
0.210714
0.0761801
0.0358872
0.0358872
0.131713
0.0358872
0.148203
0.22855
0.658116
0.22855
0.00549877
0.390688
0.188758
0.0317688
0.191295
0.0121486
0.22855
0.22855
0.192986
0.1199
0.22855
0.264906
0.0152695
0.0152695
0.0790913
0.0796024
0.113818
0.113818
0.0654129
0.122339
0.336698
0.113818
0.111566
0.205758
0.154989
0.250674
0.0802048
0.154989
0.223798
0.304661
0.114763
0.159573
0.0926154
-0.00364892
0.339625
0.339625
0.124155
0.40921
0.0479366
0.285058
0.0479366
0.346752
0.944477
0.186259
0.0227981
0.218236
0.122463
0.220258
0.559082
0.446425
0.282447
0.336128
0.33331
0.120775
0.120775
0.0879968
0.164584
0.322607
0.372273
0.0183071
0.304834
0.214241
0.295762
0.334469
0.531171
-0.00510871
0.110037
0.259497
0.259497
0.259497
0.0753589
0.0156876
0.125981
0.17504
0.0789259
0.251664
0.276387
0.227683
0.17504
0.145661
0.107567
0.107567
0.349962
0.251012
0.285958
0.195054
0.204846
0.107567
0.127855
0.266098
0.0888603
0.216577
0.0249832
0.0686723
0.361901
0.157112
0.130191
0.178186
0.0774081
-0.00955681
0.140958
0.0774081
0.146183
0.159402
0.166967
0.280082
0.204712
0.0242102
0.458849
0.169407
0.00311419
0.242308
0.272172
0.00311419
0.00311419
0.00311419
0.00311419
0.284742
0.120017
0.00311419
0.116036
0.228403
0.0796024
0.0813367
0.17866
0.365753
0.355239
0.048603
0.0593528
0.414187
0.0674648
0.019619
0.0674648
0.414187
0.235294
0.100684
0.202072
0.121965
0.0735512
0.196228
0.202072
0.0547138
0.00139452
0.200547
0.0633496
0.172152
0.0223692
0.0223692
0.371556
0.103903
0.103903
0.371556
0.204421
0.0719182
0.0346542
0.0254589
0.149968
0.151346
0.0223692
0.0508643
0.217945
0.193219
0.258318
0.152797
0.0508643
0.246449
0.121574
0.055125
0.307124
0.0652077
0.0508643
0.0508643
0.225704
0.311465
0.254602
0.242308
0.287955
0.311465
0.0585943
0.127402
0.311465
0.311465
0.169869
0.202103
0.336301
0.381545
0.0188214
0.0188214
0.31264
0.060978
0.0216166
0.060759
0.060978
0.196394
0.246191
0.201275
0.154719
0.154719
0.473491
0.154719
0.0780715
0.0398415
0.378189
0.297642
0.282447
0.074958
0.282447
0.136518
0.354515
0.375244
0.0913359
0.153209
0.153209
0.153209
0.186247
0.404115
0.255873
0.282447
0.282447
0.222726
0.114858
0.242641
0.325231
-0.000657506
-0.000657506
0.0666608
0.128573
0.43296
0.0723112
0.159164
0.227403
0.107772
0.0894542
0.159164
0.159164
0.384277
0.190286
0.113533
0.161432
0.0047234
0.0858801
0.245291
0.0928254
0.0263421
0.0268926
0.0400786
0.072372
0.0812981
0.263055
0.0351976
0.469
0.12167
0.0304315
0.232588
0.060329
0.466318
0.0491617
0.140837
0.222792
0.368917
0.156631
0.189226
0.189226
0.0041714
0.0568529
0.00957213
0.134827
0.152575
0.152575
0.200547
0.152575
0.152575
0.152575
0.439244
0.421809
0.499443
0.189005
0.0601599
0.189005
0.311647
0.174762
0.311647
0.271007
0.311647
0.311647
0.272517
0.381499
0.145335
0.272517
0.272517
0.295452
0.18901
0.272517
0.421809
0.362962
0.421809
0.190168
0.200547
0.152575
0.00809524
0.152575
-0.00912172
0.0671516
0.32078
0.311647
0.311647
0.433186
0.50108
0.105617
0.236628
0.00960688
0.00960688
0.0199487
0.193957
0.402647
0.227552
0.0295382
0.00960688
0.539634
0.00960688
0.00960688
0.00960688
0.00960688
0.0577416
0.233763
0.592331
0.0415052
0.0309053
0.00139452
0.00712917
0.205566
0.767748
0.588285
0.537027
0.537027
0.37998
0.41377
0.588285
0.159573
0.372772
0.455382
0.32418
0.0415052
0.537027
0.482001
0.582839
0.135384
0.0222512
0.10194
0.00726186
0.210967
0.0749588
0.295203
0.0223692
0.0223692
0.0223692
0.0223692
0.0268926
0.0223692
0.0223692
0.0223692
0.104118
0.0767089
0.0990729
0.0122638
0.0223692
0.246824
0.183538
0.321651
0.0587728
0.137298
0.0587728
0.190539
0.329562
0.334714
0.47156
0.00103179
0.270891
0.18395
0.197636
0.390688
0.0508643
0.0392353
0.00844584
0.112045
0.0935334
0.0517968
0.265864
0.142688
0.0688075
0.0512746
0.0587728
0.177406
0.0587728
0.0222512
0.0375123
0.0222512
0.208719
0.293923
0.0669487
0.0507022
0.0669487
0.143833
0.122504
0.0669487
0.243476
0.0479366
0.33434
0.188686
0.0479366
0.0325906
0.038005
0.00623327
0.177094
0.323964
-0.00584732
0.208226
0.258182
0.224086
0.038005
0.112677
0.038005
0.350581
0.0896791
0.105617
0.0254589
0.236628
-0.00841636
0.0254589
0.11136
0.0254589
0.0267696
0.33434
0.291254
0.155648
0.0477474
0.145776
0.200551
0.355239
0.369068
0.0967918
0.373036
0.0967918
0.0440661
0.0967918
0.260245
0.0479366
0.0479366
0.285058
0.336796
0.307035
0.0479366
0.0479366
0.161151
0.220824
0.294656
0.287055
0.281412
0.0479366
0.227643
0.0400978
-0.00771011
0.294948
0.0597204
0.0222512
0.0222512
0.412486
0.0263023
0.0479366
0.185042
0.0222512
0.208719
0.156792
0.0669487
0.0669487
0.0669487
0.0669487
0.241803
0.311647
0.0669487
0.264212
0.0669487
0.0669487
0.392167
0.0343156
0.197001
0.00260138
0.0596388
0.0223692
0.0237522
0.0591274
0.0254589
0.193957
0.0691557
0.0254589
0.0254589
0.103232
0.0254589
-0.00841636
0.0254589
0.0479366
-0.00807647
0.26249
0.09113
0.287055
0.275739
0.0479366
0.0479366
0.339625
0.0322701
0.313626
0.083343
0.286419
0.038005
0.00418688
0.00418688
0.0325743
0.403073
0.287055
0.152454
0.113747
0.0708632
0.242843
0.128154
0.152237
0.242308
0.141732
0.104917
0.181763
0.336283
0.0245289
0.139126
0.162442
0.240388
0.332776
0.149461
0.240388
0.106268
0.34342
0.401182
0.436229
0.137773
0.035273
0.035273
0.218236
0.0735368
-0.00816447
0.180658
0.0978794
0.0978794
0.893796
0.0393992
0.050583
0.0241277
0.0667729
0.0569496
0.0632466
0.0569496
0.0752381
0.0208267
0.0569496
0.315773
0.068328
0.0265965
0.0513239
0.4641
0.0729612
0.0508643
0.304834
0.0942995
0.0554044
0.0986493
0.147714
0.0254589
0.141265
0.27154
0.0669487
0.047833
0.119654
0.0479366
0.447787
0.243157
0.306965
0.365331
0.335282
0.166578
0.0967918
0.241566
0.196674
0.11471
0.241688
0.0967918
0.306965
0.29878
0.293049
0.0967918
0.302962
0.0967918
0.4064
0.0222512
0.0431573
0.0222512
0.198866
0.123623
0.684168
0.225345
0.0319134
-0.00597757
0.949742
0.0597204
0.314879
0.250284
0.043529
0.043529
0.0558874
0.174593
0.0227305
0.414187
0.208131
0.229015
0.177075
0.0737197
0.0543661
0.0559862
0.117706
0.208734
0.0845948
0.139529
0.149571
0.0273254
0.149571
0.303103
0.303103
0.27661
0.278087
0.134988
0.331717
0.278087
0.193215
0.10865
0.196394
0.196394
0.598744
0.349962
0.598744
0.349962
0.113533
0.218462
0.218462
0.218462
0.107567
0.0598094
0.0394044
0.0888603
0.113533
0.107567
0.120053
0.107567
0.107567
0.250434
0.140601
0.037634
0.257275
0.182743
0.140601
0.0721781
0.170584
0.132631
0.176522
0.140601
0.0754683
0.143369
0.224144
0.141194
0.210973
0.141194
0.112372
0.219037
0.169521
0.206448
0.140601
0.189386
0.140601
0.306403
0.197129
0.140601
0.169373
0.285992
0.140601
0.153108
0.0356773
0.267878
0.144592
0.134092
0.190736
0.140601
0.249301
0.141194
0.219037
0.0625309
0.0863326
0.141194
0.141194
0.171032
0.126371
0.20067
0.248928
0.283522
0.355253
0.0911549
0.0142519
0.0142519
0.245753
0.292563
0.067527
0.259573
0.136191
0.286201
0.26813
0.224419
0.0272402
0.0193105
0.153209
0.28869
0.0512879
0.153209
0.337753
0.0873981
0.0468536
0.0202007
0.130721
0.0784649
0.206352
0.206352
0.183481
0.26813
0.083758
0.152878
-0.00832325
0.0857234
0.18366
0.176553
0.231093
0.319849
0.168151
0.202209
0.194869
0.241837
0.0353879
0.00379227
0.0667192
0.00379227
0.00379227
0.0213575
0.0213575
0.27981
0.0657247
0.107567
0.107567
0.107567
0.0852674
0.410574
0.204712
0.218541
0.28855
0.204712
0.017323
0.233252
0.531171
0.20067
0.376163
0.263191
0.139126
-0.00816447
-0.00816447
0.0364152
0.0332918
0.0209087
0.0979008
0.113533
0.339625
0.26813
0.26813
0.26813
0.0159895
0.352792
0.232588
0.26813
0.26813
0.0833299
0.173965
0.0477474
0.312501
0.169128
0.227167
0.0597204
0.305476
0.305476
0.305476
0.386892
0.365962
0.175279
0.334469
0.334469
0.039897
0.0845948
0.238793
0.00381623
-0.00760681
0.043529
0.043529
0.043529
0.147592
0.21205
0.279065
0.279065
0.0285421
0.0469978
0.00162501
0.179218
0.132834
0.0512237
0.0505896
0.0218312
0.0505896
0.0505896
0.0397089
0.232105
0.0818564
0.300563
0.0505896
0.255152
0.136509
0.30828
0.0260014
0.0505896
0.0505896
0.0490186
0.240312
0.0490186
0.0301184
0.0490186
0.304319
0.198009
0.198009
0.209871
0.336756
0.288277
0.117315
0.331338
0.354292
0.120667
0.267878
0.354292
0.249152
0.32078
0.403567
0.355502
0.432607
0.531171
0.132464
0.132464
0.297211
0.778435
0.132464
0.195623
0.378193
0.073592
0.204335
0.159312
0.101793
0.228359
0.228359
0.223437
0.43137
0.172391
0.295231
0.241803
0.336832
0.241803
0.311647
0.317431
0.311647
0.311647
0.311647
0.311647
0.114371
0.311647
0.311647
0.331894
0.201791
0.272517
0.252316
0.266665
0.403638
0.227343
0.474618
0.421809
0.0696816
0.0696816
0.059622
0.498197
0.308879
0.457206
0.189854
0.446843
0.521637
0.521637
0.530456
0.455202
0.530456
0.404117
0.530456
0.530456
0.375509
0.21331
0.530456
0.401431
0.079867
0.0204167
0.067527
0.407299
0.471889
0.175982
0.311938
0.159573
0.175982
0.0778385
0.277827
0.0778385
0.114362
0.226845
0.318245
0.434243
0.0754874
0.327728
0.380086
0.114362
0.158551
0.324917
0.387252
0.114362
0.152526
0.358742
0.114362
0.0358872
0.0562608
0.0278935
0.0897889
0.377169
0.0643131
0.0888876
0.11373
0.0278935
0.0697054
0.0204291
0.0278935
0.0293731
0.0543661
0.0266173
0.194483
0.123526
0.250114
0.0564892
0.127853
0.124523
0.124523
0.032622
0.032622
0.0278935
0.137294
0.0841649
0.109211
0.0278935
0.0278935
0.0150097
0.00514922
0.0278935
0.0611348
0.0236662
0.0278935
0.0278935
0.16109
0.002007
0.194898
0.0470011
0.147788
0.294548
0.285146
0.142233
0.256984
0.258181
0.305981
0.119428
0.18817
0.378769
0.0823773
0.00712917
0.160878
0.129774
0.378769
0.0278898
0.278928
0.0778385
0.0778385
0.164881
0.226132
0.0972919
0.0695543
0.173846
0.185306
0.347456
0.288418
0.0695543
0.361381
0.129683
0.0695543
0.0695543
0.264212
0.218173
0.311647
0.0695543
0.290782
0.393984
0.115109
0.405876
0.0620301
0.0620301
0.107872
0.263355
0.263355
0.263355
0.129734
0.297811
0.402909
0.183235
0.176255
0.0524966
0.229867
0.232588
0.293142
0.200196
0.200196
0.0237972
0.0259956
-0.00769647
0.0223692
0.0297655
0.038005
0.170444
0.038005
0.038005
0.198519
0.0722028
0.174584
0.038005
0.185013
0.038005
0.405876
0.164294
0.290465
0.038005
0.0588516
0.202506
0.038005
0.195399
0.195399
0.038005
0.038005
0.038005
0.246449
0.241872
0.167896
0.216779
0.241872
0.0652077
0.0699809
0.0699809
0.131469
0.261613
0.0712145
0.0699809
0.06969
0.0489489
0.0699809
0.058439
0.278928
0.278928
0.278928
0.15985
0.278928
0.336833
0.00264042
0.230265
0.293142
0.236558
0.224143
0.258731
0.401476
0.326316
0.164916
0.204874
0.121574
0.121574
0.238793
0.121574
0.180036
0.944193
0.322539
0.322539
0.0156734
0.207168
0.200196
0.420612
0.222972
0.0216615
0.22151
0.200196
0.194464
0.146901
0.063642
0.292177
0.150345
0.137136
0.177013
0.0500095
0.0764608
0.139439
0.100302
0.0236662
0.139439
0.148955
0.242476
0.339205
0.0273254
0.394874
0.202268
0.376421
0.250142
0.196644
0.134996
0.195537
0.0585271
0.34342
0.197772
0.264212
0.217075
0.177716
0.216775
0.240295
0.25354
0.252461
0.224209
0.213802
0.224209
0.0890092
0.178173
0.0593528
0.0857234
0.319412
0.421651
0.421651
0.421651
0.465236
0.378754
0.465236
0.415422
0.416807
0.465236
0.310712
0.285661
0.329732
0.329732
0.198574
0.0605557
0.0302167
0.0601599
0.391161
0.132406
0.409629
0.059622
0.235494
0.161086
0.161086
0.00712917
0.00712917
0.165553
0.00108453
0.246845
0.155864
0.209871
0.125277
0.350077
0.18817
0.15573
0.277346
0.15573
0.166411
0.166411
0.136636
0.136636
0.136636
0.160106
0.298381
0.430677
0.136636
0.0636326
0.0636326
0.273574
0.0636326
0.0636326
0.0636326
0.195355
0.0636326
0.242129
0.0686093
0.0134831
0.17654
0.0853985
0.00563765
0.151486
0.206258
0.38169
0.326038
0.326038
0.0215217
0.0620301
0.0560919
0.0882631
0.103414
0.0842414
0.129903
0.108152
0.120669
0.115162
0.201068
0.0866881
0.196394
0.0866881
0.0866881
0.0912668
0.0390851
0.293142
0.383617
0.351282
0.278928
0.286125
0.0477474
0.129955
0.0460065
0.0835899
0.0566966
0.257355
0.038005
0.262598
0.206802
0.0592447
0.0570911
0.038005
0.0508643
0.157587
0.188844
0.0508643
0.0477474
0.25302
0.154479
0.219278
0.248783
0.0967918
0.128727
0.314968
0.0967918
0.365491
0.0967918
0.325169
0.285146
0.259111
0.0967918
0.137433
0.174478
0.270704
0.0878507
0.335041
0.12416
0.361373
0.412269
0.128051
0.183594
0.251803
0.149571
0.2531
0.495843
0.475553
0.128357
0.169955
0.0882631
0.451645
0.388905
0.265083
0.161362
0.0982745
0.451645
0.262338
0.316568
0.246799
0.0328811
0.0328811
0.183055
0.284619
0.183055
0.0377535
0.317721
0.317721
0.317721
0.263252
0.21771
0.317721
0.157927
0.228359
0.247886
0.157175
0.334254
0.305652
0.239434
0.341585
0.206646
0.160627
0.0916404
0.0916404
0.160769
0.16708
0.16708
-0.00574539
0.37593
0.148126
0.201261
0.0135239
0.135349
0.0135239
0.196394
0.214283
0.196394
0.131426
0.264159
0.134087
0.194732
0.126207
0.0278935
0.0620301
0.106452
0.038005
0.332426
0.27923
0.0508643
0.0508643
0.237046
0.0508643
0.0845948
0.370507
0.398492
0.0352492
0.163218
0.309528
0.406137
0.336301
0.300861
0.300861
0.168473
0.0633818
0.229044
0.080394
0.165553
0.0633818
0.146388
0.108519
0.0786274
0.128525
0.0633818
0.254378
0.121918
0.0466589
0.06969
0.0287577
0.0287577
0.0287577
0.032622
0.0751118
0.120818
0.0658332
0.089287
0.0955819
0.139439
0.226682
0.3316
0.208687
0.0658564
0.0119784
0.0268926
0.0576932
0.0470011
0.0195884
0.265416
0.088947
0.0470011
0.058084
0.248107
0.058084
0.058084
0.159759
0.058084
0.058084
0.217058
0.215321
0.392704
0.511851
0.402858
0.221536
0.387252
0.364778
0.132406
0.364778
0.362791
0.185306
0.208561
0.181783
0.101817
0.0207065
0.101817
0.0971359
0.155643
0.185306
0.020338
0.188089
0.0854779
0.0756697
0.0399979
0.32453
0.20227
0.0495612
0.328074
0.269512
0.32453
0.246157
0.246157
0.162347
0.0213575
0.412016
0.0548379
0.252461
0.341674
0.341674
0.231863
0.330083
0.330083
0.330083
0.0420245
0.139535
0.188089
0.34175
0.34175
0.178663
0.227965
0.161448
0.26233
0.128268
0.288492
0.20564
0.367435
0.387046
0.162485
0.124466
0.320833
0.0748724
0.128268
0.128268
0.125054
0.128268
0.108285
0.153707
0.128268
0.128268
0.306225
0.156544
0.155665
0.128268
0.128268
0.0111349
0.20564
0.0711056
0.0358352
0.119015
0.0619933
0.0619933
0.190874
0.039552
0.039552
0.0042549
0.0366647
0.043098
0.0628038
0.283128
0.249038
0.283128
0.116262
0.0888764
-0.00784389
0.0278935
0.0278935
0.0278935
0.0918053
0.0278935
0.0797083
0.0278935
0.208687
0.0278935
0.0278935
0.0278935
0.107686
0.0606564
0.170134
0.283204
0.138209
0.138209
0.145735
0.0842414
0.304098
0.0278935
0.114362
0.387252
0.0189434
0.0643424
0.383105
0.0470011
0.0470011
0.0470011
0.0470011
0.17629
0.088947
0.0106923
0.48208
0.0470011
0.0470011
0.103263
0.0950815
0.102939
0.322024
0.290996
0.0470011
0.105635
0.352898
0.105635
0.105635
0.105635
0.176255
0.152132
0.297181
0.0847049
0.0847049
0.0847049
0.0492616
0.0847049
0.202727
0.057617
-0.00821836
0.0847049
0.0505896
0.0190159
0.0847049
0.0847049
0.108345
0.0847049
0.294241
0.283518
0.369427
0.0779608
0.116642
0.0663572
0.0779608
0.335479
0.360535
0.350816
0.284054
0.335479
0.350816
0.0867333
0.217654
0.217654
0.217654
0.191128
0.0509129
0.0188549
0.29615
0.0876881
0.0354557
0.0489741
0.101817
0.0354557
0.0354557
0.0232177
0.0232177
0.217058
0.409629
0.409629
0.266406
0.637142
0.08471
0.291483
0.291959
0.291356
0.315764
0.335263
0.251803
0.358575
0.0208581
0.148659
0.147358
0.0509129
0.0509129
-0.00657236
0.0950973
0.170273
0.0509129
0.0509129
0.266237
0.0509129
0.0300585
0.0872854
0.105929
0.0239713
0.0668195
0.00235622
0.0490957
0.0490957
0.121712
0.121712
0.112728
0.131815
0.0245314
0.0245314
0.364684
-0.00857153
-0.00857153
0.48208
0.00178703
0.0603812
0.00178703
0.0475527
0.0475527
0.085109
0.230695
0.00350212
0.0500371
0.0655312
0.0887008
0.0300933
0.0887008
0.0296292
0.0887008
0.144054
0.113405
0.0953466
0.0851571
0.0946247
0.0653834
0.166533
0.153123
0.120224
0.153123
0.0999792
0.0999792
0.0999792
0.166533
0.248359
0.0999792
0.227648
0.411993
0.0648998
0.172391
0.219502
0.0365785
0.055467
0.0365785
0.0365785
0.351611
0.0365785
0.363949
0.194384
0.130756
0.0913297
0.20482
0.319346
0.341539
0.316796
0.119291
0.194384
0.13164
0.194384
0.149762
0.0585784
0.194384
0.146268
-0.0068849
0.0595103
0.194384
0.0716727
0.0828708
0.196999
0.0862622
0.0610649
0.206837
0.249668
0.115339
0.146182
0.0570851
0.266447
0.0322968
0.163085
0.210979
0.241022
0.394214
0.0169162
0.0169162
0.0169162
-0.0062709
0.162466
0.0841041
0.0501511
0.202077
0.0725706
0.137941
0.0870372
0.0596857
0.105929
0.104518
0.0102139
0.0305233
0.0102139
0.0102139
0.012381
0.025227
0.0780345
0.0909282
0.00211793
0.0102139
0.0102139
0.211105
0.0624315
0.160037
0.302125
0.182372
0.302125
0.302125
0.260142
0.266237
0.25148
0.111687
0.238781
0.0040166
0.0453814
0.0642259
0.465236
0.413322
0.152935
0.149095
0.209871
0.090732
0.0526178
0.293316
0.137495
0.120657
0.316093
0.249736
0.154178
0.174996
0.16937
0.446831
0.288181
0.453992
0.113391
0.113391
0.161527
-0.00784389
0.077276
0.113391
0.156398
0.0716727
0.293155
0.113391
0.408146
0.0355769
0.113391
0.00737395
0.391393
0.217058
0.357376
0.0106923
0.185042
0.0106923
-0.00687836
0.0977426
0.0809621
0.126623
0.102103
0.0778385
0.0490957
0.113391
0.113391
0.122407
0.113391
0.194464
0.371493
0.136587
0.0946169
0.0932615
0.187947
0.178508
0.0850079
0.178508
0.170847
0.191881
0.097997
0.208773
0.257807
0.284746
0.257807
0.121712
0.124366
0.155679
0.282187
0.121712
0.121712
0.155679
0.130756
0.0188935
-0.000239524
0.214295
0.382806
0.226569
0.214952
0.243841
0.209871
0.17646
0.161656
0.425246
0.360301
0.425246
0.420012
0.393255
0.393255
0.311907
0.393255
0.393255
0.391393
0.0361091
0.0290058
0.0461647
0.22701
0.0540903
0.22701
0.026659
0.131876
0.027145
0.140782
0.0905452
0.271285
0.332941
0.977682
0.227833
0.172391
0.170666
0.214561
0.075448
0.28248
0.159114
0.202078
0.390094
0.15279
0.247558
0.334837
0.159114
0.159114
0.176904
0.10108
0.0611781
0.10108
0.182852
0.136787
0.199133
0.0421021
0.161527
0.185519
0.182852
0.357188
0.290113
0.128248
0.128248
0.192399
0.191976
0.199199
0.16937
0.365965
0.418209
0.158604
0.140195
0.139435
0.348723
0.210283
0.362257
0.389183
0.210819
0.470478
0.294009
0.161656
0.090732
0.158282
0.34286
0.0944887
0.0364475
0.57225
0.089628
0.253768
0.327214
0.366781
0.308403
0.251902
0.251902
0.251902
0.365863
0.254461
0.325231
0.132482
0.132482
0.354698
0.354698
0.356721
0.354698
0.208879
0.208879
0.0762848
0.268883
0.0762848
0.199276
0.406094
0.0762848
0.241143
0.165876
0.202078
0.193209
0.193209
0.0293691
0.128411
0.124202
0.124202
0.174316
0.124202
0.124202
0.297402
0.119566
0.210979
0.0633818
0.0172285
0.317306
0.401218
0.263102
0.259007
0.401618
0.0684204
0.354571
0.401618
0.262973
0.265944
0.0743169
0.130756
0.152936
0.0375655
0.170614
0.1341
0.1341
0.230695
0.401618
0.401618
0.2222
0.340332
0.128411
0.0916733
0.219278
0.401618
-0.00730651
0.348299
0.0611174
0.296068
0.348299
0.049404
-0.00766412
0.156308
0.199138
0.117597
0.205862
0.170348
0.170348
0.170348
0.0267347
0.170348
0.279065
0.0772961
0.0243619
0.170348
0.0829719
0.27312
0.111228
0.0243619
0.366484
0.111228
0.151839
0.170348
0.159035
0.170348
0.241434
0.0237645
0.263841
0.170847
0.170348
0.140782
0.00635211
0.144979
0.103414
0.115918
0.170348
0.355813
0.222353
0.119432
0.210535
0.466123
0.227633
0.140794
0.167354
0.416469
0.441911
0.285336
0.373406
0.285336
0.285336
0.285336
0.285336
0.285336
0.208658
0.336416
0.0782417
0.154469
0.197789
0.00162501
0.336416
0.16366
0.106487
0.0564812
0.359252
0.425351
0.359252
0.173064
0.359252
0.359252
0.359252
0.419951
0.314189
0.0732866
0.467538
0.396803
0.467538
0.279169
0.467538
0.467538
0.467538
0.0518762
0.275058
0.0781255
0.182269
0.0103873
0.158682
0.126207
0.200899
0.330083
0.484534
0.295661
0.00561606
0.00561606
0.136644
0.166533
0.389434
0.401796
0.389434
0.341279
0.389434
0.454719
0.133795
0.130705
0.167597
0.154136
0.378441
0.0267347
0.0649939
0.182511
0.21438
0.309508
0.170495
0.21438
0.277589
0.177522
0.117321
0.430165
0.285269
0.293913
0.36007
0.0950539
0.0514003
0.17629
0.396236
0.0668439
0.288795
0.111528
0.111528
0.0486137
-0.00678326
0.212787
0.1341
0.321047
0.359146
0.336776
0.199948
0.26307
0.359146
0.330083
0.0390425
0.365305
0.365305
0.274727
0.365305
0.215594
0.139843
0.121358
0.0368453
0.652913
0.248634
0.0854828
0.343993
0.0854828
0.518993
0.0847049
0.165961
0.0290058
-0.00899245
0.339937
0.135644
0.234861
0.172427
0.191196
0.397544
0.505948
0.267423
0.377968
0.377968
0.160028
0.188968
0.188968
0.188968
0.430763
0.155294
0.0725123
0.182534
0.0489741
0.300923
0.0536722
0.200216
0.129482
0.200216
0.200216
0.222873
0.117781
0.038741
0.143347
0.0853464
0.250265
0.738096
0.353341
0.972443
0.229962
0.411235
0.353341
0.34012
0.209275
0.0520339
0.290963
0.277264
0.171488
0.124795
0.0955399
0.179926
0.191338
0.0130769
0.236559
0.0931803
0.382056
0.191338
-0.00383137
0.341674
0.336337
0.277264
0.104139
0.125059
0.0374142
0.171934
0.171934
0.171934
0.268172
0.271177
0.302206
0.20172
0.302695
0.302695
0.237554
0.0717158
0.311856
0.19896
0.311856
0.134142
0.138884
0.311856
0.0917465
0.237873
0.160279
0.311856
0.311856
0.302695
0.302695
0.144452
0.302695
0.315548
0.383358
0.242213
0.35528
0.345546
0.198719
0.173057
0.420353
0.420353
0.0887571
0.0121649
0.10628
-0.000248931
0.0180739
0.0741864
-0.000248931
0.00178703
0.00178703
0.273189
0.16619
-0.00742399
0.00178703
0.0510648
0.192404
-0.00742399
0.0652898
-0.00762426
0.00237505
0.00350212
0.0963423
0.00350212
0.408431
0.408431
0.0587946
0.0563258
0.332964
0.115195
0.0770907
0.115195
0.0838124
0.0838124
0.0696091
0.0838124
0.0390093
0.29927
0.130671
0.0390093
0.0768911
0.0345861
0.0390093
0.0466608
0.323275
0.0466608
0.151915
0.151915
0.199472
0.1548
0.0245314
0.259573
0.324666
0.228447
0.326766
0.0569915
0.335484
0.368166
0.380945
0.335484
0.335484
0.253098
0.335484
0.335484
0.276894
0.335484
0.335484
0.172569
0.168661
0.00271536
0.111961
0.0230811
0.173282
0.1014
0.302571
0.170569
0.275559
0.275559
0.334145
0.275559
0.275559
0.0713635
0.152936
0.205048
0.222566
0.275559
0.275559
0.0470011
0.275559
0.359836
0.275559
0.0904146
0.275559
0.0863665
0.282023
0.0398824
0.346457
0.424469
0.302125
0.111528
0.182749
0.260942
0.346457
0.245027
0.311522
0.366255
0.275559
0.0375655
0.0375655
0.0375655
0.247285
0.181056
0.130599
0.126907
0.405587
0.369187
0.224474
0.284923
0.369187
0.405587
0.306395
0.343369
0.316796
0.409753
0.405587
0.405587
0.23738
0.405587
0.292404
0.193962
0.292404
0.292404
0.109778
0.342647
0.43521
0.342647
0.0157065
0.341832
0.341832
0.0601703
0.0712671
0.0402092
0.0789315
0.0648689
0.14521
0.0466589
0.152863
0.167786
0.314923
0.00515818
0.0466589
0.0102139
0.0624625
0.0350667
0.0902601
0.224474
0.324736
0.0350667
0.0537206
0.00108453
0.093033
0.0537206
0.115818
0.0602886
0.00652893
0.168765
0.0441114
0.0157588
0.142465
0.0855611
0.129482
0.285512
0.0586092
0.128123
0.250193
0.353341
0.0233456
0.515067
0.279334
0.353341
0.418811
0.374932
0.418811
0.418811
0.222479
0.194061
0.157486
0.102693
0.0985217
0.0985217
0.369406
0.314881
0.407789
0.407789
0.269061
0.343107
0.1548
0.36203
0.0547954
0.100474
0.0547954
0.0876504
0.168036
0.0946307
0.112448
0.244613
0.055316
0.149404
0.311794
0.156504
0.230752
0.133441
0.296581
0.493639
0.417298
0.38207
0.220933
0.220933
0.208992
0.208992
0.220933
0.33991
0.332888
0.33991
0.33991
0.420139
0.320864
0.248623
0.0207086
0.488826
0.493639
0.153633
0.488826
0.488826
0.488826
0.290397
0.350993
0.339012
0.273764
-0.00784389
0.339012
0.0958946
0.339012
0.199118
0.211194
0.357006
0.216018
0.0968498
0.143749
0.339012
0.0908346
0.339012
0.222471
0.228319
0.30714
0.407789
0.181725
0.412016
0.339012
0.0503969
0.108422
0.0420245
0.393161
0.458303
0.274192
0.274192
0.229518
0.180385
0.19037
0.0638713
0.19037
0.19037
0.275559
0.285512
0.285512
0.0985217
0.0737261
0.0985217
0.00309927
0.065033
0.0625733
0.194836
0.132698
0.131294
0.0245415
0.132017
0.139291
0.132698
0.2791
0.15891
0.36956
0.136657
0.416103
0.15891
0.336977
0.0872051
0.263795
0.0872051
0.595462
0.0213995
0.0973295
0.280451
0.0872051
0.161925
0.539484
0.103419
0.363875
0.156135
0.156135
0.156135
0.191338
0.146647
0.103743
0.168763
0.254733
0.204914
0.187964
0.00621035
0.191338
0.405876
0.160627
0.0540405
0.0525975
0.182027
0.0854828
0.162289
0.440936
0.284479
0.277264
0.292589
0.275657
0.0531152
0.139367
0.170199
0.277264
0.158333
0.338785
0.483143
0.194546
0.330193
0.367675
0.24728
0.0774782
0.0905623
0.108742
0.10108
0.0365787
0.0706421
0.161923
-0.00701779
0.0924523
0.179694
0.0365787
0.0364703
0.133575
0.0278798
0.0278798
0.227426
0.132263
0.0430819
0.0278798
0.0278798
0.161086
0.0278798
0.0155424
0.0278798
0.117143
0.0278798
0.0278798
0.0764423
0.118485
0.108196
0.0648071
0.331605
0.0648071
0.371616
0.0648071
0.303831
0.0648071
0.387014
0.0648071
0.207809
0.105708
0.381176
0.37483
0.328214
0.366903
0.379885
0.128248
0.0582895
0.130599
0.303454
0.330193
0.161723
0.161723
0.248181
0.281056
0.0434974
0.147503
0.130599
0.446432
0.147503
0.25742
0.147503
0.123362
0.0290341
0.125135
0.245682
0.168661
0.405581
0.204779
0.125135
0.265394
0.051489
0.00376151
0.0105843
0.125135
0.125135
0.126023
0.121951
0.125135
0.118602
0.300835
0.378769
0.0209441
0.309766
0.125135
0.125135
0.286047
0.382056
0.0995708
0.178729
0.364814
0.102108
0.0175688
0.307331
0.0995708
0.364814
0.0995708
0.130785
0.0995708
-0.00555891
0.191338
0.0412445
0.0412445
0.196999
0.0243613
0.0584989
0.0412445
0.0412445
0.0412445
0.127001
0.125911
0.259864
0.104017
0.104017
0.239982
0.117494
0.365965
0.365965
0.365965
0.390749
0.123222
0.211727
0.367675
0.266471
0.266471
0.459724
0.305935
0.0875239
0.0247102
0.196708
0.0247102
0.0851754
0.0611355
0.0278798
0.0278798
0.0115807
0.15432
0.0905623
0.234728
0.036499
0.202466
0.27267
0.513019
0.272488
0.0905623
0.0905623
0.259179
0.161472
0.0905623
0.0905623
0.27127
0.0624665
0.0905623
0.275775
0.0768407
0.0905623
0.0498687
0.1548
0.348108
0.372188
0.159402
0.0425346
